100
57
21 61 10 496 578 4 530 0 9618 1992 3437 89 162 77 9 31 893 6 6631 8 85 999 0 1 6 2416 339 5 814 549 9 6358 39 54 8216 20 4 67 0 16 7 1110 7 208 8 14 14 8608 267 9175 1 7 613 34 2874 3889 8307
49
476 94 302 671 1865 65 78 2012 5 6919 8506 50 1 408 80 7132 44 2620 62 94 8 779 97 26 8 3242 872 5 8882 756 8 4402 3070 9711 70 6 914 574 0 4390 152 88 2281 88 0 2 82 865 648
188
35 590 1439 63 4 44 1 72 3216 5244 400 8 215 397 8368 76 2642 61 7 8019 352 791 37 60 8858 63 1256 0 149 9093 775 4 477 4664 3 163 5345 7 5 863 1 56 598 6025 1 38 5 98 0 33 9 8 6 94 3 554 93 0 59 1 77 9610 4226 16 7 329 64 2 71 5 910 373 933 5 6842 85 268 754 82 267 60 0 6706 7 8899 9984 9 90 61 87 565 76 4 5630 5 757 1 172 1 5302 729 588 2 8784 505 0 719 6937 7 5066 6546 7 671 5210 13 8795 882 930 6 0 707 55 132 6458 28 9 9 77 414 13 7468 5753 1820 0 1644 6 117 239 9 22 957 1 748 3 4084 2 1 0 843 5 598 74 3858 12 42 5368 50 34 21 7679 4 56 1144 50 67 6 3200 64 9 88 529 1 368 3502 9 160 4942 620 49 93 8586 507 8 806 32 7 2 65
127
7253 942 3 913 486 1 0 7 8549 602 4 80 63 77 31 3017 17 572 7 76 2 4270 327 603 5 48 2 5 7118 87 4722 5211 7 58 55 45 92 478 84 4 29 665 90 7 72 548 374 943 6 6765 793 1685 28 96 3 366 309 6020 256 1040 3064 928 6429 5582 8729 9301 7 32 9151 54 708 35 1 3711 5966 4804 1 621 69 59 24 1 160 71 4 665 52 2 9 0 0 64 58 684 55 844 45 51 113 20 199 8610 5109 3002 7263 7 7530 4175 79 257 769 22 654 376 234 7863 6 6551 7 259 9275 888 794 85 26 3126 5580
35
10 7 26 18 183 30 1823 58 6 6 3 18 9019 631 3002 3175 28 6 8 3319 36 352 1243 847 9 9046 0 5772 3844 2 5626 95 8162 766 206
72
2 166 590 220 1 83 7 38 6 5 26 53 5842 6303 9 709 188 9 5 2 79 991 1989 37 457 1750 9 427 291 621 1173 9 584 3 640 16 81 3973 5 14 0 6 3058 8645 4 0 459 6819 265 9 441 5654 3567 6 67 190 889 6 9262 728 303 0 33 516 0 7 912 6407 271 59 5 517
122
179 7504 26 0 0 4 377 2 5 7558 66 3030 43 28 5719 1059 268 359 1026 9547 470 4 9 751 8007 9 1 305 21 3427 6999 31 772 6 7104 752 52 42 8 4 8 1 0 938 5392 864 57 2179 8 5 266 9 2 533 5744 0 551 867 354 5 9 17 171 6123 1 50 1 220 970 8 5843 31 6427 6 2 1295 166 0 2215 94 20 3 0 385 8 0 4 601 85 23 2589 4 9 68 406 97 7 1 482 2 9385 232 2516 4 531 267 13 505 79 551 4269 26 8560 97 5885 5 9 654 62 3899 5 1176
177
27 453 4 34 410 170 3 1389 7210 9 9 1163 78 41 87 2815 8 74 40 1 19 5334 8 5474 35 91 4 50 1 348 8 14 572 2473 3 4 7983 7628 57 2977 11 8 700 76 5 671 99 7 469 9 491 9824 99 4807 9249 388 49 9 65 558 3 50 485 0 243 0 9780 7 7 2 57 0 9052 90 9 43 11 965 9 6 757 52 5473 6 9 874 157 9 91 2 7 1 5 84 142 8812 444 4 1 225 1065 6 85 4 425 8833 1649 67 1646 6547 6 2567 5 0 9 44 82 9758 57 18 24 812 8 759 8 7331 4 91 1218 223 21 3409 9 957 4 4132 19 28 270 455 3487 7 4748 46 9 4859 7361 231 882 9318 16 9 2 8379 60 4776 5 404 3 2 502 86 97 563 9 4516 29 0 6540 575 5 71 311 1678 124 137 0
146
140 79 96 4869 7935 65 79 277 22 52 9 607 614 9674 806 741 9 42 7 886 312 61 95 1 723 915 78 7 5 310 9 6 6118 825 82 24 7 546 3 1990 998 653 4 9415 4 1 348 658 9526 2 6 1360 44 329 445 0 0 4 43 52 7 9060 1 7497 28 9229 5 75 6 8449 587 228 42 6 6 4719 7252 1 609 9 648 3985 6984 18 19 55 6977 4160 2 1254 540 396 34 746 9088 5 62 59 749 39 62 474 40 650 2 98 25 23 9331 49 5 41 3521 1765 0 8 228 2 6 8008 874 543 67 6765 234 8676 4269 84 56 764 5 30 28 9 1238 169 5789 4 8 4 103 3 8 844 54 50
164
8546 55 57 4 86 123 5938 9991 2 70 66 8 954 6 841 227 5 1280 8841 81 45 505 24 7854 588 1068 7148 75 2 3 20 5480 348 60 3 1 14 4 6 853 445 960 5718 5 3 7747 8 34 91 8507 98 9438 7428 6665 55 78 66 8 1 2 3393 51 97 359 6746 1258 6910 7675 87 0 764 9829 71 1546 665 7660 43 129 4684 3 462 54 37 3 9950 2 31 69 2562 5 2 767 0 0 7 89 1 179 3051 3 4 6421 7 4916 56 3376 400 66 0 4221 4089 657 9 3985 1 2956 991 90 859 8068 375 11 2973 2118 0 14 3598 96 408 544 818 7 546 1573 55 83 333 247 6 108 43 94 66 6 0 7 144 854 283 9 2975 74 446 2 116 3 832 55 736 8376 964 865 39 76
17
78 58 5 6511 977 892 8 761 8763 290 649 3693 6835 6 895 4 3
145
2264 190 58 64 8682 0 5 443 1570 2 6 4352 320 20 5 37 8 9736 2763 688 65 82 7 8871 872 3045 1683 3429 3880 2047 9653 7097 858 0 6 16 4757 463 1673 20 7952 319 6 639 5 6027 84 7181 76 61 41 38 9 66 324 344 43 69 33 1408 5547 9 91 977 55 485 8998 9837 799 401 899 1 81 750 5 9 4 75 5663 7856 5415 22 55 3429 8 57 9 417 1 44 2 63 9000 762 483 2781 32 88 27 3 1422 4 779 9682 8 219 29 516 919 2 3167 934 8606 7 62 3 24 6887 496 455 375 55 830 64 7522 79 7 5 84 72 66 6 69 97 21 1821 352 91 61 91 5 9462 27 7738 8157
108
51 156 1 50 824 3 766 325 1 321 6 1291 689 12 869 2799 1532 9 1692 41 18 62 13 349 7 3360 2593 389 0 6 46 588 11 5 85 327 44 83 542 700 4 39 9362 158 2589 8 41 499 24 15 3224 933 22 458 3312 4561 82 4 7 646 8 4 4 9 1041 5 829 6710 80 77 330 8 4 54 382 57 4555 5152 3940 8291 53 38 8021 3633 86 4 943 146 559 217 57 0 2864 8 6 9747 24 92 5285 517 5 377 4 87 27 11 18 4
121
5 5 99 13 8795 633 803 4550 22 5 2838 388 75 4 5 551 9580 51 6408 2 298 3458 6615 8643 3526 9 683 48 273 18 94 3340 3059 57 5 6 89 3555 3 85 608 1993 25 46 1880 185 8023 9101 1 0 4000 17 12 99 5874 612 5150 704 7189 96 84 815 9 2895 7493 2 812 31 8663 3 0 1 9606 3 4 678 66 3321 137 764 920 30 7273 4886 6128 88 25 947 376 234 998 7 2948 809 2 82 11 7134 592 41 161 5 9153 873 7 156 292 522 82 27 770 375 9110 795 5 856 740 6274 376 984 79
31
4471 1 58 7 69 7 2818 79 1 675 3830 26 71 57 106 93 176 407 3 6 4 141 308 84 6 51 53 363 9 32 223
59
9767 8178 68 8 0 24 7686 1 14 9889 8757 4 9 1 0 8433 1974 65 57 9691 3 53 89 59 6037 217 48 5436 4 855 40 5 3107 4 9 188 55 92 5617 8790 36 31 84 27 24 9 9626 77 90 3065 71 633 304 9 118 95 23 9797 1495
2
5567 7980
60
997 3121 3131 2278 94 0 9367 8 7 478 7345 3 8901 4262 549 2181 81 971 28 91 491 317 34 476 7 967 205 791 5 6725 0 6 7 322 4 3 2953 3 9 6 317 98 11 1636 73 2398 0 5 99 88 6 1 8 90 276 91 888 880 631 871
71
51 5727 8084 180 2 9918 8225 93 4 977 56 33 334 77 638 5 6 23 87 945 6878 847 9139 7 3 30 9239 63 2057 996 6099 449 85 4 2381 4 7273 783 65 2 9 14 3915 9 203 32 58 51 5309 726 707 133 2927 44 6833 9 4103 2335 1 273 803 9 39 7 9320 71 984 9 48 6 7
192
2 107 895 1704 282 2469 673 3 5 6 50 32 4 5793 735 9358 243 13 0 3 9 3 8119 5 545 7 4 0 0 5189 2444 3 3210 38 7511 24 64 845 0 6643 2108 139 7 5 3 732 44 624 5200 85 912 198 588 292 45 7347 56 513 1613 0 5 50 0 4 21 184 8 8209 7 162 49 6377 1069 809 5 337 327 3015 1 4765 273 1586 3106 7 6 560 975 9 2 654 84 3 2842 8 1086 646 867 9 7938 1 54 854 695 474 1253 8 92 656 6123 976 3821 5526 320 4 6 3 6332 717 52 3 4 6 14 0 668 812 3 29 5 840 6913 8 4898 69 15 4918 5168 1295 734 4 29 755 60 3 59 10 9063 384 4640 9 113 328 9 744 408 3705 56 549 9 93 35 55 80 6 77 625 4 8743 3 920 733 338 873 4983 827 844 958 16 61 7 0 6 5 5 1 1 35 9 43 79 90 56
89
19 51 69 7786 6 41 1 9679 4814 7933 70 1 160 93 8 1 147 7339 969 8 86 213 7425 256 44 9 6 891 4529 431 2 25 94 150 164 7 246 290 7 75 2708 6 8 7450 5760 80 9 334 9384 39 1 8 980 95 490 6117 1 0 7 1 497 839 7598 4 301 240 3472 791 6851 5614 8 96 28 5 2286 6 109 9 486 288 414 3030 441 163 25 6 88 230 227
21
4052 759 2 8 1 9710 9 8328 13 9814 4604 6912 60 1236 12 2603 6 93 9 72 3
8
376 945 26 7 6588 85 6 3423
25
37 90 3 697 6 58 57 27 373 5 5 8 999 9 5 0 3622 8018 46 148 3138 315 1311 4944 28
65
8 35 2530 78 26 9082 8 2 912 740 1 35 7 7 5645 47 6781 6 414 50 170 0 3 3 506 8544 8243 8 1 894 4 7 32 11 208 7674 108 270 0 738 302 9 6412 17 8377 4 982 2 7593 565 20 945 19 6864 50 2 1906 5 957 908 740 361 2 241 4320
191
9699 15 92 5 4 8 804 6542 6651 4 5 7046 0 1 42 591 1 368 6339 75 96 5949 81 6973 1068 4 50 74 77 3019 2891 8763 4432 169 9227 24 89 80 66 80 9 881 7 67 246 1 6147 32 9931 68 1 145 79 415 29 6783 5 34 4 3625 95 4 44 3445 841 846 3981 85 1 433 6944 1 8598 7 64 3445 6787 39 687 3367 1 549 4109 676 30 5878 3059 308 83 20 75 50 5 766 496 7821 369 1152 7178 188 15 4966 6 87 86 14 70 17 0 131 9 0 505 3966 9 1580 0 248 27 8102 678 99 33 3 5 58 524 27 487 1485 3543 175 808 979 566 7 4 0 78 2 15 6922 31 789 33 6 985 78 203 229 7925 7487 4084 8156 5 29 246 21 509 5614 7809 2 7940 40 3 932 601 28 22 84 42 3 3119 23 44 9997 949 3515 313 550 2 46 63 3529 9487 539 349 564 4 0 5
173
0 85 883 945 2 585 62 27 981 738 582 261 35 6892 959 6 181 912 25 93 660 597 800 5033 10 54 0 9 1021 22 29 756 938 13 8668 8 178 4 7 9273 786 894 880 86 7 838 0 13 6 95 1 110 6 890 124 708 70 530 3304 599 8442 867 6728 80 370 486 2 475 442 0 605 26 2 0 3 3 4958 8648 242 93 1315 886 0 6930 701 8521 1 29 6 5591 678 8068 721 7308 55 399 36 43 9783 0 4 5572 5255 2006 124 739 8 91 144 115 1991 0 1 0 6215 4 996 9 5982 7 7 86 8 567 82 4 8448 93 8516 1503 5196 0 1 0 703 5 0 8371 8841 54 4 7622 5832 894 89 62 1120 1 9546 4 8 3 7 55 1002 53 6639 74 30 27 0 539 90 2 5957 41 3081 8894 3360 15 47 515 331
153
3098 2037 7 92 49 9 67 98 9 553 297 9387 8516 17 25 7 55 27 1 4 3386 982 31 1 1742 6 2 46 7 93 355 215 38 2 91 99 3 63 386 449 125 6 8586 3273 190 9 9 4 16 54 896 62 357 571 27 79 2357 8317 676 62 2 291 580 58 42 556 42 8603 786 19 4 9752 703 199 1640 4637 7 4864 890 521 86 8 73 275 9692 5904 7 551 1239 1 4924 7 1 82 2 267 64 185 23 1 67 78 784 7 60 3087 8453 65 1 8777 68 459 7164 175 78 59 6 240 491 6 698 6811 5 109 2398 648 789 2 0 1 52 2 655 55 6959 5574 43 232 751 7 679 302 69 33 18 55 4063 35 873 661 22 5498 5402
177
1307 842 17 4835 6 3 5 5978 7090 20 9699 83 80 2 797 967 209 9 309 7516 4 23 1367 700 8 3659 7125 5 6137 46 673 405 5 7 3 4 2071 29 722 60 9192 28 354 585 6867 18 830 985 755 335 8 64 3251 4272 384 2 822 56 26 328 83 912 8140 97 8 482 36 4145 309 355 5605 1 9018 17 88 827 494 71 741 8 858 7225 280 26 8 461 64 2551 681 5 60 2 3 98 9 42 5760 194 8 9 6292 9 6989 1 7 533 52 4381 626 8 98 58 692 99 9682 8 650 1099 5 727 5908 2 78 1 5850 4339 916 940 543 3 68 6 8304 9165 11 7908 88 6 3078 3 847 147 19 50 3 25 6 0 593 23 9856 6 187 7 3 2 9 317 21 53 298 4 6069 61 128 3980 217 8 35 6 36 0 102 2037 80 7373 46
171
7440 1539 6750 0 689 334 446 81 3 69 77 3003 399 59 2 221 3 74 2 239 5878 1596 9350 380 4226 834 771 56 942 8 7 9 4 134 6681 506 5300 1443 7632 35 2 1774 6793 96 1 3 0 2861 752 68 9 8872 737 8601 3 3902 8 5 34 70 18 2 588 1 2 93 2035 399 48 8 212 2876 2828 6 5 709 57 69 53 5129 0 89 6911 7 466 10 890 27 8522 3784 1 6826 4679 44 34 80 6 4 980 862 4278 1229 9 86 26 15 855 9 652 4 3 8 3059 6958 4 8581 84 1 1 8019 69 0 2543 0 384 833 926 8 4 1 914 523 55 1787 677 8029 7617 63 77 407 31 61 53 3283 6 4 1 5913 6416 673 3785 818 82 99 15 4844 72 60 2518 438 4 8942 32 75 4484 2 18 93 7077 6 60
197
229 23 8 8 186 228 6 30 8 125 3747 70 7 16 58 1 3526 5481 4 778 47 616 1 89 396 88 9734 990 4685 5443 6602 8 41 2 962 979 2930 31 524 6 7 78 9 0 2 19 520 5 27 2821 93 2698 462 13 11 2317 1180 19 747 937 9963 0 54 3 51 1 8 412 1 68 976 8 0 77 6187 382 887 671 6322 7426 969 16 7530 8424 9756 61 44 8244 6 1302 104 42 2668 5434 44 1 66 3 172 377 5455 5803 79 1 3 20 9 1352 2 5863 9783 735 0 76 11 6 6 365 2791 451 6917 5 6 0 31 85 838 2 22 88 63 6263 8204 4000 831 7 291 88 8 759 73 6 1178 491 73 9287 3045 39 5 527 506 7 393 287 375 1662 199 1281 2 8 4006 5 5 3 4 4 4 10 9 6874 40 580 33 9404 683 6 7436 1 4152 20 6 0 7 0 9195 2 63 5 4770 769 4 1 1 13 49 3690 8
193
944 8 3 1383 25 22 29 9677 8207 723 8184 2 5 3 9339 286 5 2 974 6 9083 6577 730 7 5 0 587 23 195 3 564 45 99 9 2978 6487 52 861 88 153 958 38 285 30 5236 92 99 1059 6 978 9660 0 1 2615 23 168 6 2 617 8 2 83 8392 0 403 2651 49 143 5601 616 242 7 81 91 9 11 62 19 67 31 852 113 1 1 69 5 6 794 814 20 70 79 500 886 7684 3 281 225 4 27 70 40 90 314 5963 170 1354 69 655 831 7901 3 0 7 7057 37 6604 10 60 6379 21 8 1002 3250 1 2579 46 7126 95 3346 76 8 426 899 1 896 554 162 2 391 31 56 6817 8 5057 362 6771 3740 413 7105 53 3 893 9349 977 4 8 9 1349 4485 2 56 9546 3 7 967 8238 94 7450 340 52 0 42 767 97 15 7 6 2512 651 5590 34 7 32 4 773 92 403 57 9 2419 26 4819
65
2 3743 845 66 951 2453 4648 86 9978 37 99 7426 75 21 2 9530 8034 436 8198 34 479 228 1484 176 77 912 4 8956 2529 5 8347 3 3572 850 8119 633 2949 79 6987 83 6285 9426 719 80 11 3256 53 8 26 8092 705 2 23 509 4 30 53 9683 3667 4028 82 6 2 3030 559
141
5 1 0 8 6 51 9 51 9448 64 508 4 7 870 918 62 268 687 0 9099 9 7761 87 910 60 756 7368 62 944 8 481 4837 961 8 145 838 358 7615 3277 209 30 1449 991 405 1228 4 129 7 6 5 7 9 93 39 1488 2292 7097 2 7717 7 1 725 5 173 34 73 8 5838 5 928 66 648 91 741 8 7538 66 45 4950 82 3102 90 23 4358 29 81 78 9446 99 7 97 332 648 76 960 918 5208 4412 6 54 698 6 1913 6 716 5534 56 6236 7364 74 3 8949 50 5822 290 1800 183 9218 263 6 2370 337 4 16 4370 332 866 9292 457 5 62 568 6 4986 77 10 9 57 2 11 44
87
9 5443 610 324 3003 3 190 4 8091 7717 282 30 99 2991 34 28 4 2035 919 9 5410 694 4 2 18 0 57 4 3 52 8458 20 8 6 21 2978 772 3 41 436 56 8 34 7489 29 6302 8 3790 5 555 8136 64 8 7 581 4 40 78 39 46 4 897 9068 8795 4650 71 745 9 94 67 224 4274 8116 8048 19 12 156 9 954 6 28 98 8860 519 799 996 825
174
1 88 58 448 186 526 49 783 9038 77 0 863 2698 414 2 1 77 5309 490 88 715 68 7 9278 2 6941 3 23 6636 5 3160 1041 222 10 5919 9408 2 8 29 53 254 1 7373 0 9307 5 8728 88 6 96 875 958 3 775 989 2 6 4695 35 8634 3 33 3 9 17 6 2315 6 2 109 0 1052 9 2598 3421 408 854 3833 9946 9952 24 88 122 7881 71 4852 184 501 220 759 652 1 89 4153 721 9384 0 10 1125 5 1 6 77 9 963 775 0 6546 862 209 1 741 4815 94 544 2 6922 6 62 24 267 655 31 9635 984 1846 887 31 8 639 35 8449 478 20 6706 95 6384 665 333 195 375 1 2210 846 155 603 51 75 264 5062 173 4 704 5 4627 1 0 570 66 0 44 798 9 7 20 1 57 11 9259 351 2604 42 74 7
2
3 304
7
898 13 2 1648 5570 44 128
40
5790 8109 4 3169 2 35 1577 763 40 799 5 7 986 628 23 3287 7176 10 4 6 6 759 5 4713 4 5 5 217 6 0 4746 528 831 684 8929 6796 7 2 328 83
166
0 5 5 66 8 7 570 885 88 9 17 59 4 3 6 7 26 22 37 335 5 3150 87 69 3362 8 155 591 4 6 2280 9172 3497 15 6 146 15 620 47 43 731 8 8 8 4 4 71 539 3 8828 668 336 741 10 6718 144 323 595 198 8 34 8684 0 9 8344 1134 6706 6003 856 73 630 6 40 3 1 9619 85 66 0 387 44 5 433 8 3 161 1 9 75 2286 760 12 6 64 6189 1866 7084 7503 61 870 670 24 77 151 32 1 59 4729 7 37 1 0 73 52 23 1312 7817 2 1358 9 81 20 396 3 116 11 3 701 2379 1 685 1252 6744 2640 8096 815 389 319 1 6450 314 6 856 6460 4 76 2012 37 9243 8404 5 9716 484 13 2 362 2 7 7 434 9791 4236 88 7 3137 15
38
2421 4794 4421 4112 7354 933 246 4 1661 7450 4 2255 793 7379 50 8671 5 4594 9 285 97 1508 9 3275 3 5 742 6 4 9 8 5 9208 20 62 9970 8 5
13
235 55 611 2 8852 98 28 589 2 0 248 762 86
175
727 3563 7 8 5338 4051 850 2 4 7 646 778 476 36 781 0 1 24 1900 6139 48 4 983 3 55 8 33 45 22 0 613 6 267 944 33 9 96 596 6 24 3295 774 0 3 3 72 5 5 167 9 8698 33 8316 637 9459 49 577 3 561 60 1 84 5 4371 6 794 6889 9383 3319 66 2515 94 696 53 108 51 4 665 38 2474 49 0 1 8419 1 1 6 4798 26 9 2 846 5094 51 8637 595 6 27 196 2694 2 8346 14 940 71 145 0 4320 3270 967 943 1 580 62 2 89 67 570 1 23 7790 5 609 252 16 342 7343 834 0 8394 62 17 4576 54 216 6 6 1916 9039 7656 0 7686 2300 32 8120 5 1588 4188 3447 5 578 76 627 839 72 15 668 66 4 5 98 689 1598 84 5 57 7514 49 9038 5445 9002 31 710 9950 59
83
9 44 5340 445 45 1 331 3192 0 567 4 3707 6 76 2 712 5 6 8827 1444 5 5 4 1508 963 2418 2 6 7873 485 912 535 491 73 9725 7 1027 553 7 206 9 308 6202 247 2375 9265 104 98 3279 876 7 935 7 67 19 26 983 2 53 4295 7 34 299 8 11 26 6 37 6 6 1807 9206 95 6 359 197 700 0 8921 24 655 540 95
173
39 755 13 50 5 57 6 34 41 6 77 6675 255 6 0 8 25 9 7 262 19 81 3393 1243 2041 7 96 544 5 2944 3 42 9 43 22 790 265 26 9617 443 6 1 815 869 8210 59 925 3 771 2040 39 0 1 194 976 406 46 394 29 7 198 0 657 4944 54 96 5 7992 625 2626 299 7 6520 338 0 56 7045 7524 735 4 1 864 57 2 0 8 2 8720 48 6 658 341 864 568 88 5 284 4 5918 4277 6495 8028 30 524 7 71 8 7253 5 5430 365 9 0 45 2 977 29 783 13 962 1275 4075 34 445 831 719 4 95 463 9 7 7 7 4 2350 4 3093 832 6594 14 3 503 739 6466 8 375 51 386 791 95 611 4 8 621 442 2985 993 43 5542 76 9 207 84 8268 3 7609 4709 946 8653 5227 55 830 3
13
11 57 53 0 3 237 250 9747 162 1255 9 88 81
128
8 98 46 5 91 73 930 2 8175 948 824 4851 93 1 307 6 4 341 73 5 4 5 164 3 858 9 331 8823 7 753 3 9015 7326 957 2303 892 495 7388 8 34 31 5348 652 5 4765 9 61 4 83 191 71 8 66 6 269 20 9 52 846 569 6 263 65 9400 801 74 6 8 9 8036 83 680 646 959 3 8 327 9288 46 24 139 4 9 8 80 6146 900 2661 957 465 0 39 84 40 96 3 974 6 1 494 964 473 0 40 178 0 195 7 6776 4859 369 85 3259 992 51 1 9 71 71 49 6 1 167 711 620 426 1464 7
167
7 8728 2 320 540 13 0 791 850 212 1352 109 443 41 87 7 5 9402 1485 8796 30 96 5 6 3 1097 597 821 5 267 5820 23 32 0 5 5 2655 7943 97 2255 5873 7 178 3999 358 64 4 4662 2154 96 6515 1305 79 7 495 6459 2928 189 694 953 6105 3623 109 0 29 13 1 5502 73 7 92 8632 56 7272 76 21 7274 6 48 0 637 84 1 91 764 134 3738 5 39 66 618 944 1780 0 623 4891 8028 3626 71 988 5 5552 3 60 879 896 9 36 15 70 505 885 4 94 99 22 8751 390 28 7 5 39 69 4732 124 5 4961 483 835 88 271 6 6407 76 3698 54 4287 1 121 18 0 82 164 5112 367 9 710 81 8370 686 91 507 525 9 9006 6 284 251 2851 9 272 416 66 7 274 71 1
99
81 441 46 9 6 4 299 350 9474 97 53 2066 7 3 8 296 696 1 86 8 80 7673 42 995 503 8698 8377 0 945 819 1 28 457 8 7 5 20 28 6 0 7673 23 0 265 8 4 0 5 4 8849 18 1 9964 38 736 49 97 462 9676 3 328 157 9 5 7 222 3 49 183 387 30 892 45 3460 1 1806 1123 7 12 633 7 633 2683 594 7 76 7701 6 80 5570 9171 1 5 5 5 8863 61 6242 1
134
3416 6 14 539 987 4569 36 7 1 73 2 39 44 326 7 1 5778 150 7898 10 77 302 1 4836 9195 8 3 949 2490 0 108 771 9820 89 38 5586 40 8187 2 2278 13 5 5955 9 4 699 724 89 4 9235 7042 4545 50 5640 157 972 1073 475 80 142 49 4 77 926 137 57 647 423 33 82 867 1 6 9304 310 39 45 3701 94 394 89 2 54 76 729 2 616 8960 3 6 409 332 9 4539 677 21 23 799 37 8 80 3338 0 55 499 923 614 3103 151 4 4606 3 17 2 506 3 237 5331 1096 8366 9 82 1688 8 5901 5 9 8 9473 481 75 3 832 84
147
10 1038 61 5 9 69 48 7 14 19 1842 274 3 0 590 5 9 5 55 15 97 183 0 343 7 32 24 23 4 15 3098 82 6703 2 2 3364 2 299 98 971 6550 97 6 7180 2528 70 80 3 4437 890 89 20 52 2367 7268 6340 939 3369 136 14 7 299 7213 201 8512 3 257 3286 9897 639 95 60 6021 1 403 8776 6 6398 4471 290 11 4 4 4592 63 98 31 38 993 736 36 4 78 267 7 674 5788 63 11 885 85 3 53 4 2 794 60 179 7 599 95 3287 244 199 343 0 0 369 2 8546 2 3406 1 35 847 3719 8 7 39 141 9 1464 9419 58 2 6307 447 57 89 3 313 78 0 90 35 9 6
106
9 906 60 870 57 212 21 91 0 0 498 5754 304 19 4 6 408 2 1856 7 22 3 29 991 9875 4 579 704 1 9 4 36 4054 508 584 6215 2497 774 8 1925 56 411 664 37 444 96 7367 0 1040 14 8 2 6 667 2 7 84 5 3763 6009 7514 7 3 5 4 2732 1 5 961 255 70 664 342 929 7 546 3 7257 8079 7727 3986 62 5 0 739 52 1815 1 693 9488 89 5340 168 583 515 323 787 93 3 40 820 9 6653 7 3 35
58
43 4 2 58 9 0 2649 8 9 4 14 772 4 79 769 17 8644 92 4 39 915 980 68 745 1 976 51 5 7 974 7 86 93 15 914 8 8 6 42 9554 6 4 659 627 353 46 118 88 9501 302 4661 334 281 611 9 806 574 7704
79
2 9281 1 6 22 7 52 623 585 7 3 7 46 5 3 4 0 8171 79 2057 5 5749 554 158 549 9229 9718 380 7 72 0 840 19 3 8 625 7610 8736 22 6820 7 435 88 33 814 623 4351 2 9054 5 6 5 656 5951 6 566 5 71 0 5 7 314 0 643 358 7 1327 598 7110 97 590 2826 124 94 4 6235 1 8 984
55
177 451 428 2876 98 7362 756 52 48 4 695 79 5564 464 2 908 6 91 17 7244 6209 384 66 446 67 69 956 833 66 5078 110 751 2 2 17 9 35 524 652 88 5 9 8 823 1 3287 691 526 937 81 6 5 45 99 92
118
97 597 16 400 322 32 91 2 31 71 712 0 90 535 65 964 85 12 5 8788 46 0 79 7 3367 125 29 6 50 6300 480 8350 939 4861 2 41 3622 916 6924 2 40 353 7819 77 3 305 2393 7722 897 13 5635 31 58 5 94 2 4 81 4 5416 7 26 7 9269 879 5054 115 46 9 567 34 53 11 9 9 1 9 68 0 7614 17 3177 614 41 6635 7 87 919 674 6922 88 523 469 207 466 71 5 158 80 0 7 29 1 97 2903 80 146 49 1634 3 3036 983 257 2 229 0 790 2230
78
11 7037 3071 6 72 87 604 8 5601 9111 8299 28 109 552 8133 22 5342 892 666 327 6 66 764 469 73 8 320 569 9486 1383 282 92 5 4 78 1 71 2 2 1585 688 9446 330 73 88 614 4 988 8804 1 52 9347 3 676 1291 4 27 7570 3 10 736 39 0 8468 2889 370 2 0 70 181 300 87 2 360 15 94 5 5983
77
914 3 4107 13 264 3 5 8 8 59 0 91 891 9 991 3 8 8 8110 5 9410 0 2775 619 9546 383 2264 12 5 282 7 7 292 4 89 360 8 658 6 79 405 4498 13 49 1368 0 653 186 593 7542 5899 47 79 72 52 783 476 71 9875 61 7759 35 62 1 49 820 3951 571 0 72 5 24 1 191 7 6682 5
83
40 3956 30 157 848 9 283 53 7 65 2 718 21 456 474 5988 3779 883 65 8149 8 574 45 9714 78 11 21 166 4 979 8849 21 81 24 5 9342 6 786 0 494 94 4 84 8 4523 335 6 3996 9829 2301 0 69 2746 679 7926 6 103 853 3 4 3 4 9770 712 570 279 82 613 4 6 69 87 7 252 68 4265 650 0 61 3976 567 238 4
16
5 12 19 424 6 5082 6699 516 145 4858 46 6 1 3908 310 1764
46
9 830 7 44 12 9 1236 5 580 94 6 674 92 1 6869 3722 7407 89 12 969 1451 69 2408 599 68 263 593 977 493 432 1525 9 1 7 5 63 90 46 20 147 93 584 608 3 62 3
92
85 7480 88 3 5 672 3333 608 7 502 616 92 379 5 97 15 7 94 596 602 684 7 8535 74 3540 4 5121 8 6264 7 8627 6 4 3 1 620 37 5 8 8 728 68 639 7263 2842 18 7942 8645 3443 311 3 4501 60 9 3 1 2024 574 118 39 744 341 46 586 285 83 7717 2116 719 44 32 4347 3 4 0 384 5 641 3977 2 594 8376 9 89 5 27 3099 55 5142 649 86 24
98
4 1 6111 759 4759 8392 4753 2 45 19 334 4 79 5 9 1 8 5 3174 771 9900 86 483 19 18 2 694 91 7930 4 81 78 9 181 7512 4318 219 9728 8115 428 36 5 70 9 53 1659 7272 508 874 5 97 873 5 436 914 6802 6956 5 25 3 6282 3 8569 222 3 3 9 4982 544 32 557 15 737 27 32 57 60 43 86 12 9728 7 619 30 1 8 4 3748 950 64 5712 3 2 7519 49 613 56 915
95
1 2 1 6 5257 3 827 573 30 3023 53 60 880 910 7511 53 59 596 3 34 7943 0 34 642 2 29 38 1 710 9 2 2614 0 536 2393 988 288 79 139 157 9 24 934 3784 466 79 862 4391 1358 91 44 5 976 719 375 3 47 7842 5 5560 6980 6 37 6710 887 135 266 9 55 3 6844 25 22 9880 6 2671 4 55 8418 72 4 53 7373 0 5 5 3 3878 5043 84 9353 4797 6255 1510 86
26
6 642 3542 4826 1555 2465 306 9 44 152 1656 2589 3 2352 3808 5423 82 1 2 3 89 2 643 7 6869 1313
104
3 8706 0 2008 44 8 75 4034 2628 7 9 1 3223 9556 46 0 8288 4420 642 366 137 316 635 82 26 235 3 442 4 0 98 7 70 756 398 6 28 35 131 81 71 625 52 2 668 73 3780 43 8 612 9 2677 394 9 7 6 6139 9337 48 285 647 794 4 4980 20 41 9092 25 0 0 7581 31 0 51 719 96 7 9786 464 81 6 83 224 7341 9384 25 1459 7 9802 0 27 506 5 612 4444 550 3 658 4633 32 81 1 5 26
44
109 305 69 4253 2164 6 79 6393 502 9 8 56 6 332 2 5799 9643 6112 3837 707 2548 3 643 900 313 285 21 8695 65 891 6361 4913 212 9417 223 423 6388 223 7 6327 27 57 697 8201
118
62 48 828 27 40 3 4 786 7382 633 559 89 2597 6 1821 5650 1131 0 7 22 9276 47 7007 248 49 307 266 75 4351 2971 1083 2 4212 7184 61 682 420 320 97 54 1 454 4814 5 43 3181 2216 1 4443 742 94 471 869 318 3 3375 4501 56 56 89 78 6 1 536 58 7 0 999 30 504 4282 0 5320 996 3297 0 559 0 7746 6 34 89 12 3 8 988 5496 34 94 2 3 7 1719 14 706 9 9681 401 8 22 1152 75 0 2632 14 18 54 89 64 803 54 8218 59 2 699 1 4 64
149
42 4 4 6262 384 1667 1 337 3618 4 7 489 2161 76 2 51 6 0 3 0 6291 46 875 985 43 632 7 1852 5 3 651 98 992 5459 230 5258 9173 6 4742 8309 8 9 2 594 112 596 7 87 7 72 86 20 973 52 712 962 15 688 1653 9849 25 1 7 1 30 2 54 1192 8 8369 34 40 2540 162 7457 61 2775 335 3528 8 655 2 66 6 2119 75 8 5505 0 72 7 3236 9173 57 80 6886 83 842 0 585 2 5 632 739 128 8 2713 7 869 608 4 661 6056 221 60 5763 7947 2 1422 1 67 8787 340 43 62 0 5 2868 516 6 3 263 466 40 2 941 4 4582 7106 4 1 39 127 8 227 534 8 3 6463
178
32 6814 6 8 418 9402 8697 0 3 885 7 0 873 13 3 416 6 3 61 4 3552 5 6 6289 117 0 67 2778 295 6 33 557 3 49 3127 2 8942 4 2676 3 14 4 8395 26 329 9 92 538 920 12 216 41 469 920 68 9 0 9165 819 64 0 4706 2 5546 9244 16 57 7 691 7 529 9557 58 7 970 3444 9 7 353 4981 41 6 3705 49 1 8 82 80 2 450 8847 714 923 930 273 50 6474 790 2 44 626 60 7151 5549 30 9231 1828 4333 958 84 5 8703 2769 24 553 2841 0 5106 4286 95 48 420 32 9 9096 1966 2323 2 62 239 39 69 16 2965 501 7528 4704 69 5381 2 6 0 516 2374 24 6 68 827 44 794 7667 9 7616 9309 364 90 0 874 8 49 0 538 8229 27 22 5 325 4 253 5 1 3932 93 7 3867 8 391 1614
100
7 163 6413 43 75 529 32 9 19 4 729 8 1198 3546 11 3 5 56 90 28 6 200 4214 696 3 5 77 66 194 36 2 1858 274 390 907 639 9800 0 34 63 441 196 6 1 1 98 967 390 5 2277 7676 4205 728 674 2 48 1 350 7 8 3 3697 50 869 3206 268 54 5 0 2 9 774 38 1817 7873 94 98 346 1756 0 9 39 699 6 120 596 86 361 1 7588 10 186 3 14 380 5 18 7984 931 69
175
9009 8940 66 721 6245 65 1 6 9000 2817 91 880 9 73 6 6 8497 90 598 626 79 58 360 8 653 4 65 29 6 5556 3 0 99 9835 6 8 15 3 668 1 2 495 26 78 6046 3105 581 76 94 5697 0 479 40 2 2 87 6 4997 492 340 42 4375 77 64 8767 211 42 956 64 3 8629 4 1589 716 95 4 357 4 9 9 49 573 286 15 713 7 752 5 18 1 7 659 51 9 0 25 8 68 2 875 5705 401 8 718 1 4 2 649 3 247 853 7951 18 180 2175 56 6 178 6 9 1835 60 101 7175 6 62 3204 20 4 810 76 6 7484 316 23 331 4166 764 5 92 9865 9101 5926 7331 0 280 395 376 24 57 956 7 9610 8 73 86 949 48 6418 9594 942 7031 2 136 5 1 682 1 315 31 5631 1273 8 1216 20
77
5 2230 136 34 5 92 0 932 9 16 66 5915 0 43 5455 14 12 3913 929 7166 703 3 7 8881 59 951 620 56 3949 23 18 848 8 44 4203 9097 529 8032 3 41 8905 9 18 1 8367 0 73 1 70 8133 5502 0 252 3758 3288 0 45 7 31 279 9 39 36 2980 6700 8 98 5 0 5371 718 0 446 86 661 956 8
34
436 35 28 19 1 5 731 886 5218 536 368 9 189 8 280 8 449 2786 3653 3 270 417 2 30 38 1142 36 371 645 2119 793 745 583 39
157
298 3922 99 947 7474 52 6667 4 8 3507 0 699 78 5255 2 55 19 4404 262 10 7497 3 4 180 0 69 734 7972 8 6 9801 8 319 1 5 47 4 454 212 92 44 73 8870 7 0 3 104 7 406 6 2 383 704 132 789 546 7 651 7505 854 5 3 887 7 59 407 2 303 3402 41 619 7 8 7 576 703 974 4531 3 42 144 7 48 823 83 4709 226 0 8 584 880 4893 36 4022 521 8 1690 15 46 336 508 4011 7567 19 353 4 862 761 2 1 1857 8 89 1461 387 67 5408 99 7420 76 0 0 299 1707 5277 1704 363 89 3 5537 16 4 8106 3 546 1 321 5472 4 37 95 42 0 81 9617 439 1 3 75 814 364 0 769 2639 3 9662 3572
106
5315 7 7 13 2 2130 2 4 525 7 400 795 5477 98 6554 453 5758 9 437 88 9621 36 9424 6 3530 908 11 4 980 9043 0 3 5661 4 761 822 1353 1943 8 3569 3 8299 5 635 43 1 7 5848 2 258 97 7 528 94 4502 6534 6486 3664 493 1 7 608 22 353 35 4 8467 1 930 3761 910 1 21 8276 92 9 3 8 1347 3226 34 4669 5462 59 2517 8423 1131 3 7 8 6 5 296 3 8 89 737 971 2329 487 4994 7237 5 98 458 596
183
501 68 354 2 102 229 735 7 3270 2 51 25 8 5 54 2097 1837 2 9568 3404 315 1902 8522 94 997 384 13 261 58 36 781 32 1 8263 6 761 3476 92 746 990 8758 6626 7 4 278 42 93 6 6 822 494 2305 8283 9620 879 0 1476 7898 4 771 4 7536 493 64 1930 4610 0 7 269 4337 4465 453 59 4985 2451 36 26 3 72 4566 27 8281 613 746 3758 79 65 3070 3 70 27 927 9698 538 39 62 3558 65 875 5063 77 670 9 4924 0 168 22 3432 45 5 4288 120 6083 6611 8 4 99 610 5 5 6 1877 169 15 242 59 85 7050 41 75 1124 4 2 488 64 7 21 27 7050 365 79 4062 848 332 43 5384 0 84 837 73 2919 289 1 101 13 92 53 7 4872 9987 718 94 205 1803 330 67 285 521 9 3297 7264 4 6 5 90 54 117 9384 77 10 56 51 540
37
1297 7231 2 4701 99 2 379 8 3 9 363 7830 2178 688 420 5 61 971 7 207 855 1 14 9 2 4 7671 922 25 38 8885 0 12 89 4 34 859
49
0 254 4199 90 978 8 5 110 1 9 6 4 81 357 13 81 9384 843 9 2 104 648 5 5 4 24 6751 594 73 492 55 8 935 98 1 4 2 595 0 1 6 457 57 1 5 205 970 5363 7
195
4657 7383 2 1 99 717 3552 5285 5172 2 6 30 748 934 209 3 542 9 2724 1 822 216 901 79 29 3 225 954 749 1 184 429 6915 68 140 10 3 18 635 5 4775 9 6 195 4310 8015 9665 71 59 365 86 2 498 909 88 9 78 7 440 2295 7 3 63 6 8 35 1976 1973 2544 4434 2447 6509 6 0 208 913 8 475 4954 1 5535 153 740 87 46 5867 72 389 9 677 302 6 398 1317 9817 9 783 9512 501 69 7 34 1 3 728 7002 123 63 5 6 593 301 43 95 56 261 728 682 50 4584 4 668 7211 93 95 899 3809 305 7586 2 876 1123 6 3 7 463 72 8100 2 2 682 9 3 962 780 6266 7 7420 9 374 832 55 1 399 700 359 31 1 4659 8 84 433 6 6 884 6 28 52 864 5 857 785 170 5791 4 86 62 33 51 8194 8343 4 802 2032 811 28 4 62 3541 7381 808 200 7 11 50
105
8 447 19 910 29 8 1 6541 7 236 2 919 2275 86 3782 98 482 2 2 3 5 436 1 4 4091 828 2900 96 6 2008 7 0 8172 9 99 466 842 569 5 5263 933 4 56 7 3 3 57 793 7 6197 22 481 2122 9348 6 275 3579 4 4526 866 814 455 88 966 8310 969 98 5 150 7918 6 2 63 698 116 9 8 150 9884 662 4 1020 99 55 3 6396 5 4 490 86 792 9597 1678 3384 9 1 6102 1049 4 8 998 245 30 4267 31
51
0 2 3 0 79 2 3 2 5 260 4709 252 3 6 655 92 447 0 94 7503 4980 50 91 383 237 6104 4 33 610 8 517 7 86 5292 68 11 325 6597 4 80 0 5 838 17 9015 6 1 74 94 4 7
93
9986 7 94 31 0 60 969 102 3277 3122 73 8 41 1291 9730 395 1 0 711 1532 111 99 404 15 5259 21 509 8 599 6202 501 6 2961 84 477 67 953 3 5032 9 6 90 6 56 0 2 7 2 9 7 975 1 11 757 51 6 1 1 13 6270 569 8 589 2313 3 356 9482 6 48 19 73 5 13 0 8 596 26 6384 910 5885 7645 3 8 870 1999 95 758 9 168 9 24 57 0
125
774 6 97 5475 6 8445 5 5788 7098 2034 85 4627 286 5 61 9239 508 6992 8 2 5 7 27 8012 1 7 8505 741 2148 968 6576 44 587 407 267 7 79 911 446 89 281 14 4 90 914 91 8882 8 61 801 6 27 75 59 276 39 4 82 147 459 51 4680 91 3795 96 8 2896 4 293 988 381 9469 1 8 642 5 5 654 38 63 1 742 3 8 2 277 791 7337 305 992 5 62 3041 7 5 946 5092 4038 552 50 482 3015 159 904 97 9 201 2 1 1 37 8 1721 3840 77 295 22 0 862 9617 4 435 3 185 984
71
68 293 1 0 872 3 85 6376 2605 6353 2 971 435 97 5 4 1142 69 7 112 467 7264 6 28 4 33 55 439 9 7 45 1 3509 0 6362 628 5 4 1213 866 101 629 934 9 8082 150 1749 0 65 369 905 391 1121 6 750 302 2 599 6 29 6 6572 8193 77 581 5638 4 9803 716 0 527
181
9 51 4650 84 7427 211 470 255 55 287 3336 82 13 3 3335 6494 375 3 30 89 6344 68 5 369 3 76 5 3098 7782 8 1 6371 1173 4063 4 2910 1 376 538 9 159 8 1 9116 300 218 3 8001 693 47 2236 247 790 8 7105 34 408 732 7 777 681 1614 992 8369 11 86 8 8 1449 0 92 1 5658 25 95 5168 83 8 247 839 827 9842 268 2 8968 8223 67 54 2 8358 919 3725 80 3231 9964 27 130 27 57 2 6 6018 82 793 2 1 3323 869 9 82 1 441 133 64 920 3002 76 339 141 30 9 8520 6 8 8283 922 2 19 9550 8 2 268 3046 7 5 32 19 415 48 99 6270 772 17 9460 0 66 980 491 1 4 0 62 1240 71 4802 91 5 917 8976 44 8798 481 2 97 7 6 1006 400 8 5656 425 5 82 2 7271 9732 4929 4 780 9629 0
197
8567 39 836 217 5 563 804 6317 184 6746 48 3822 4 1 2209 2 9 5 2344 1 3909 5224 33 3104 62 8071 35 0 453 662 371 862 460 5 4184 895 9 2 3 4763 87 71 777 470 522 85 472 96 646 73 742 17 8 9 307 695 487 438 594 691 4175 6 38 16 3 8 8 7 411 0 5960 3261 4532 962 89 4 323 8536 662 7781 10 731 721 6353 8 72 6 6 92 75 7 1319 21 8748 350 1635 98 541 6092 39 714 6501 86 156 8 197 4 6 29 62 2 957 836 43 38 5238 4194 13 27 9 3301 0 7 32 3347 5575 888 0 63 111 4138 6 1 6 23 2452 66 8 271 4951 23 768 4 185 7 9341 0 917 360 22 5010 59 3 41 9004 4664 1537 8 2 24 2577 569 313 452 2823 9857 9067 7 92 737 39 2 7074 16 495 6 45 17 7709 5 6 3 3 937 74 2 9 2859 7 0 30 1757 166 991 88 11 86
1
144
132
7203 2765 688 4 5516 94 96 76 5 3 4 935 207 72 4 93 6608 614 4 6380 5 83 6 8 64 44 22 3 750 3946 254 936 8385 540 3 4738 8210 975 9399 68 23 2 544 17 3623 69 97 906 4 76 87 7936 4054 7 3192 2431 9 5470 5 95 467 39 67 3 0 8 7 910 743 6 940 94 8566 4 884 381 2883 2 593 9 17 3 2 59 8 31 176 74 6801 703 76 81 9670 511 26 76 42 85 1537 1606 8 4 975 8 640 989 71 84 97 168 58 9 7635 934 7364 303 9272 9807 7959 504 39 83 759 2 5 343 1 4326 5108 3 51 25
42
3 6 1 40 6827 54 72 557 757 383 291 576 634 9 605 4 99 6 8230 582 12 72 137 90 323 39 1 2 6 1022 4 8 18 94 662 8022 40 85 41 7703 2105 342
128
50 5 5065 80 6 535 89 316 89 5521 94 623 6 41 75 9 6 3265 4 4424 383 397 8 2990 5 9463 46 0 512 7 314 72 6444 7 289 857 4 2054 5899 35 0 89 718 5806 0 415 25 74 76 5 6 5228 5 4226 621 9847 2 2 363 7628 282 650 20 53 691 7122 753 9136 0 362 9 3004 826 1437 1678 6690 402 153 9768 522 44 89 53 273 9308 5024 2 538 624 4156 9465 372 771 181 2827 33 904 26 91 54 3914 15 35 67 713 3 757 27 67 68 16 3934 2 2 5 11 9804 68 2 558 0 4677 371 0 2653 76 2861 363
12
7 51 81 25 12 9 55 5 586 74 542 5
176
3 4 4 379 51 4 6896 5 23 11 652 727 2 420 80 72 211 8942 49 1145 256 15 9286 8648 255 69 5 49 4 5277 1 69 5 85 55 631 359 6731 84 9383 1 202 1 4100 454 2969 5481 5717 75 123 60 3370 75 4455 6 9 1 6979 51 8674 6054 5953 866 31 6 0 150 89 873 109 76 4 1975 5 935 85 603 8998 39 74 9002 34 31 18 5 1 8 782 667 5 98 234 2 36 72 90 54 2 50 7 61 6 350 1036 4905 345 0 8 4 881 65 65 42 146 1 100 3581 88 3 9 6 7451 8 92 5 2 815 4 12 5117 227 6 77 0 157 304 3 0 6 6361 1 2 64 1979 0 2598 96 337 64 9322 395 589 1 4645 97 22 1 0 7008 46 874 3126 175 520 16 37 3326 7778 66 930 740 74 14 89 35 469
154
1010 991 8 2 1 465 919 4410 4848 33 383 1 52 73 42 4354 841 52 3 1746 398 43 3 234 2 1246 2 4 57 7778 3 3 76 7442 8 2 5 7 6874 91 57 156 45 4 34 341 2 2 351 3078 7910 9 9 8 7512 388 6 5 89 8 76 8 2416 62 166 6 61 2 192 84 136 2 5928 2077 45 3 8 7 3194 55 69 5931 0 12 20 9 47 124 6 7233 69 3 6 49 310 5755 4 3 4 1 831 8 687 836 13 696 3 96 722 8555 22 5879 85 23 9925 7 63 2 32 39 509 64 561 862 15 785 244 669 218 857 615 31 22 89 1444 431 83 7429 12 2 7 3 70 124 70 7234 43 241 469 4 37 5494 2362 43
98
6 424 603 99 1521 95 3580 605 538 6898 7878 9552 5885 97 747 0 3 566 900 893 0 6 5 7556 5 419 30 922 6 6 84 7 2661 28 7 3451 3888 2 184 8495 0 5 0 3640 7 367 30 6200 0 67 947 1373 4 7 5225 817 4 2377 9 8868 5 967 1510 7041 761 6818 3 58 653 61 9 2688 1931 217 7 4958 27 7618 40 25 8 821 512 3 9 947 4121 8729 3 95 5314 451 8382 5942 11 1470 5775 7
142
644 15 580 5 1 7862 3 3655 57 8 4757 25 0 2 33 87 9 6573 7 9585 8 861 0 964 22 79 57 928 9 800 302 9 7855 596 2 124 466 61 351 583 9 74 2 887 760 661 95 0 67 2820 13 174 975 6357 0 3469 3005 21 5020 631 5051 4627 58 3659 0 4 72 4207 7 275 6 334 3 77 681 2178 70 5 8688 9191 93 579 6 9 5 9 872 1 7154 915 5 91 440 7527 94 28 17 340 41 588 4139 57 1259 9 1664 4 45 9 565 2 6 7 8065 51 2 9122 5 8343 1 22 99 8879 0 3 49 7 182 816 7977 9 6 7 879 397 99 92 625 55 7759 9 9 800
186
78 4 36 6 8739 40 6 37 6 53 2045 6499 905 5899 879 71 83 22 2923 920 8 785 5730 658 1672 191 4704 506 374 8 1720 87 4518 7 87 4 9 8336 1 124 381 0 4 88 2950 955 847 9649 3 6 214 4 2486 7 815 3 288 9282 90 56 6919 87 29 95 309 4 341 1 4242 3306 8 870 5369 6 5 58 12 23 1 1502 9 92 63 8179 2 3372 6 47 8962 21 3 6 9 233 9122 91 588 8460 654 429 511 73 613 7 64 5 8 746 1 30 9 1304 8901 82 9466 100 225 45 32 5 8 7396 2933 413 834 88 534 8789 1188 162 62 2 9 5 967 3192 7632 44 66 9446 8436 0 679 6 7 886 432 8 65 8480 33 88 2427 389 40 4868 3283 3879 4463 610 1593 68 2141 378 733 452 0 94 21 348 9631 27 7181 5734 1990 6 319 4 3 453 20 531 5414 89 9 726
76
3 99 3223 4 3 8 583 899 135 5 4382 8 2691 427 6 24 917 965 8 2 40 97 3 1722 55 127 97 82 726 29 9 85 1446 3 966 53 7 262 821 51 63 8 7 3756 4 5 83 69 184 255 375 25 2 7795 998 0 45 7089 8371 816 5046 21 6124 2 138 91 398 1113 1 2202 95 6 12 4226 322 72
107
5413 37 5 7 585 7446 5418 61 788 7 7 116 4507 620 9 3162 0 871 2 85 27 4809 9147 7 4148 3 9 0 9 485 47 51 51 9 7 16 26 4 935 970 3 19 910 5 8472 1201 3 79 99 9 532 6 4158 83 5714 6538 83 215 4 56 2 81 778 17 65 81 7 56 2 5 264 86 4343 2 76 74 2603 43 570 9722 7203 35 75 92 9 1607 920 63 7051 50 3 45 56 2329 3 59 83 45 6852 7547 1 8 5071 1164 6 81 174
13
53 950 55 9767 0 9700 213 3756 82 3 3159 3 7
