13
15
5
[12,4] [2,2] [2,1] [1,1] [4,10]
15
3
[9,12] [7,7] [7,6]
20
6
[5,5] [6,3] [12,4] [3,2] [10,12] [7,4]
20
7
[20,5] [20,10] [20,5] [6,6] [6,7] [6,3] [20,30]
14
12
[1,3] [9,6] [9,1] [9,7] [4,3] [9,3] [3,5] [8,1] [7,6] [9,2] [4,7] [7,6]
15
2
[20,20] [30,30]
15
1
[16,6]
15
1
[6,16]
15
4
[3,4] [3,5] [5,5] [4,1]
10
4
[20,30] [20,40] [30,40] [15,40]
10
5
[9,11] [4,5] [4,5] [4,4] [2,1]
10
5
[9,11] [4,5] [4,5] [4,4] [2,3]
25
19
[7,8] [6,4] [9,1] [7,3] [7,3] [7,9] [7,10] [6,10] [1,5] [2,5] [2,4] [7,10] [10,1] [2,9] [1,1] [3,4] [2,4] [1,7] [6,8]
