10
4 5
    1     2     3     4     5
    6     7     8     9    10
   11    12    13    14    15
   16    17    18    19    20
3 2 3 2
7 6
    1     2     3     4     5     6
    7     8     9    10    11    12
   13    14    15    16    17    18
   19    20    21    22    23    24
   25    26    27    28    29    30
   31    32    33    34    35    36
   37    38    39    40    41    42
5 4 2 3
3 3
0 0 0
0 0 0
0 0 0
2 2 3 1
15 15
  380  818  120  401  830  484  494  145  557  725  945  226  110  979  955
  127  503  672  162   84  469  695  139  251  150  487  528  461  137  569
  748  538   21  397  303  403  128  110  443  952  339  262  588   64  442
  887  847  113  998  150  302   86  492  277   19  395  411  294  677  205
  214  382  204  798  925  986  451  520  319   19  606  754  545  1000  51
  259  738  134  707  183  502  795  921  434   28  916  882  163  320  531
  366  557  668  616   75  172  459  528  691  212  948  768   56  574  490
  225  180  488  332  650   31  368  911  738  547  204  577  472  409  113
  454  700  493  620  837  683  753  727  822  482  110  333  268  437   35
  104  816  591  178  886  522   35  955  580  450  979  805  588  803  856
   69  303  197  245  461  122  806  161  687  225  255  385  600  910  171
  352  160  507  600  916   89  529  613  815  121   37  753  754  597   15
  211  798  545  916  356  285  648  535  691  112   87  608  481  613  198
  323  768  515  562  179   83  191  107  430  545  430  651  179  330  132
  808  751  745  628  746  558   62  991  127  665  101  936  679  265  410
3 1 15 13
2 2
  159  802
  287  140
1 1 2 2
2 15
  904  507  370  522  445  287  109  674  415  935  287  936  692  231  853
  437  816  734  141  735  323  674  420  550  919  605  970   91   72  889
1 5 5 2
15 2
  215  286
    4  189
  338    0
  424  744
  941  798
  823  232
  890  700
   31  159
  253  818
  394  728
  290  808
  692  249
  664  260
  567  341
  566   18
5 1 2 7
12 12
  914  816  721  239  938  485   54  132  180  621  553  406
  459   55  634  138  635  562   32  683  930  738   84  512
  969  481  329  915  311  829  681   71  843   47  274  967
  218   84  612  308  191  569  558  677  337  137  283  887
  155  413  257  413  963  742  510  230  901  514  692  164
  887  748  532  360   12  337  538  113  607  907  156  439
  605  905  603  578  895  454  866  852  618   14  344  618
  886  131    3  514  181  887  941  297  765  581   68   63
  475  104  783  495  198  206  226  860  568  529  670  844
  193   76   49  564  813  896  948  816  241  959  767  492
  390  236  183  787  882  157  229  637  295  616  282   54
  711  416  890  594  349  858  990  416  425  909  259  361
4 8 3 5
5 3
  958   27  984
  402  135  213
  520   11  371
  769  608  750
  291  525  791
5 2 2 2
2 2
  795  656
  260  630
1 1 2 3
