7
5	2
	11	-81
	26	86
	71	-23
	-68	6
	-62	48
3	6
	40	90	-42	21	97	31
	21	-28	-84	67	-85	-67
	-30	-55	-36	-99	35	-22
7	7
	38	26	-87	76	-29	-34	14
	95	35	31	0	-71	-96	-99
	-37	-70	-97	-39	56	-36	-27
	53	-5	36	4	-36	97	-28
	-14	31	17	78	-86	21	-29
	16	98	99	93	-19	22	-43
	6	-63	-89	99	-81	-41	-41
2	2
	-29	10
	84	61
10	10
	-73	-75	-73	48	-50	23	39	-46	-55	-50
	-90	-7	-15	-90	68	91	50	19	42	-6
	-3	-58	38	-2	78	20	20	-48	3	97
	65	99	49	-79	49	-49	-1	-54	50	71
	18	19	-34	0	-54	-50	-51	77	-94	-93
	41	-93	-20	-39	93	-92	86	-62	62	70
	-13	39	-5	44	88	4	13	-8	71	27
	-21	-47	97	21	-87	77	16	-66	-84	-65
	-23	-13	3	25	6	-70	73	67	31	35
	-86	-99	-56	-37	-9	-40	-90	15	79	-53
2	7
	5	-2	-51	-11	4	-65	-88
	-53	81	86	90	46	1	-87
3	3
	-25	26	13
	81	91	-53
	-48	-95	-26
