10
3  4  4  2
  1  7 -3  2
  2 -3  5  2
 -3  0  2  3
 -1  9
  2 -4
 -3  3
  6 -2
3  5  4  3
  7  6 -7  3 -1
 -4  8 -1  8 -3
  2 -1 -6 -6  1
  4  7 -9
  6 -9 -1
 -1  4 -5
  9 -9 -3
5  3  3  4
 -2  6  0
 -1 -1  5
  6 -1 -8
 -3  7  0
  5 -5  0
  1 -3 -6  9
 -9  3 10 -8
  9 -6 -8  5
4  6  5  4
  2 -1 -6 -6  1 -6
  7  6 -7  3 -1  4
  4  5  1  6 -7  4
 -4  8 -1  8 -3 -8
 -1  4 -5  6
  6 -9 -1 -4
  9 -9 -3  0
  8  6 -3  5
  4  7 -9 -3
10  5  5  7
  2  2  0 -3 -2
  0 -5 -1  6 -2
 -3  0 -7 -6  0
 -6 -5  0 -2 -7
 -1 -3 -2  0  2
  4  0  3 -6 -2
  0 -4  2 -4  2
  8  0 -7 -4 -7
  0  8  3 -8  0
 -6  0 -4 -7 -7
  1  7  3  5 -2  2  0
 -6 -3 -6 -5  0 -2  2
  0 -5  4  6  1 -1  3
  3  0  2 -4  0 -3  0
 -1  3  5  0  5  0 -4
3  2  3  9
 -8 -7
 -7  7
  5  1
  4  3  5  5 -9  6 -5  7  2
  1  0 -5  0 -9 -1 -2 -5 -7
  7 -2  7 -3 -4 -5 -7  7 -8
5  2  2  7
  1 -5
  0 -8
  2  7
 -9  0
 -6 -1
 -9 -2 -8 -7  2  0  0
 -2  1 -1  2 -2 -6  8
  10 10 10 10
  -61   71    9   54   16  -38 -100  -36  -97  -46
  -63  -35  -55  -33  -71  100  -16  -67   88  -77
    5   50 -100   -6  -75  -85   31    2    2   79
  -95   86   40  -13  -47   88  -72  -23   47  -78
   98   21   -9  -51    1   20  -44   48 -100   25
  -46   56  -95   17   44  -49  -86    3  -19  -15
   13  -37    8  -94   34  -63  -99   -3  -80  -32
   66   70   73   90  -60   42  -84   46  -48   39
   32  -17  -89   35  -51  -35  -19   23  -44  -29
  -31   89  -66   27  -16   16  -73   58  -65  -88
  -50   71   99   90   32   97   25  -41  -80  -97
   84   74   17   70  -69   92   68   76   46   27
  -97  -29   46   89  -76  -79  -78    3  -17  -55
   11  -23   61   51  -45   38   31   67   81   17
   89  -16  -61   96    8   13  -30   82  -60   79
  -17  -70   -6  -40  -58  -40   71   65  -29   57
   28  -76  -29  -29    8  -72  -78  -45   51    5
  -37   73   16  -51  -65  -63  -36  -82  -34    5
   18  -55   74   10  -86   31  -22  -94   19  -17
  -37  -49   -6  -47   65  -24   67   97  -40   95
5 9 9 8
  -15  -51  -20  -86   22   -9    4  -84  -49
  -43   82  -60   47   79  -67   47   18    8
   51   60   28   87  -20   44   94   12  -72
   -7  -82   85   10  -28  -66  -19   -3   62
  -20  -92   46   64  -10    9  -73   40  -13
   86   37   11  -33  -52  -25   59   80
  -35    3   76   71  -38  -35   -7   17
   56   77  -77  -89  -52   74  -17   77
  -96  -52   21  -72  -12   41    2  -79
   75   -2  -97  -62  -91  -86   72   48
   -6  -59   57  -52  -40   56   72    5
   36  -87    8  -62   77  -97  -49   87
   38  -34  -76  -30    5  -81   33  -51
   -9   21  -82   51  -65   75  -67   73
2 2 2 2
   29   87
  -84  -96
  -88   82
   66  -22
