50
16 1272
143 361 153 452 465 106 42 381 478 6 43 253 229 474 186 67
2.43 9.06 6.63 3.75 2.32 5.99 5.11 0.76 5.83 5.75 9.13 1.92 8.78 8.83 7.97 5.11
6 477
895 959 525 756 818 655
8.06 7.68 7.31 3.97 9.93 9.17
87 1217
259 312 331 157 451 130 459 44 172 452 78 221 252 443 97 344 100 460 475 158 202 188 142 365 135 40 150 9 317 109 379 222 391 88 220 314 234 168 320 282 228 98 56 484 25 175 79 301 215 72 340 266 365 52 180 268 79 203 175 27 322 498 31 205 388 79 496 124 5 292 326 167 223 149 21 107 315 484 120 198 86 211 14 494 75 237 329
9.52 8.25 8.46 3.92 2.34 7.09 8.39 1.85 9.90 4.20 1.26 4.15 0.45 2.16 1.01 1.71 2.14 1.81 5.26 2.88 7.61 6.95 8.69 8.53 3.20 5.53 5.24 0.62 1.67 2.16 9.37 0.41 0.18 9.10 9.25 4.68 7.63 5.49 7.34 1.02 7.84 7.03 6.00 5.63 7.78 0.91 8.75 9.58 2.45 3.04 9.79 2.04 0.48 7.50 7.26 1.48 6.97 0.36 8.06 8.26 2.90 2.53 4.61 4.61 2.41 9.01 6.35 0.49 2.39 4.11 1.35 6.29 0.59 4.97 5.91 5.90 1.77 8.13 2.49 5.95 3.12 6.22 8.78 0.01 3.31 4.71 3.32
1 1205
84
3.20
8 231
382 251 60 400 51 112 268 281
7.17 6.57 9.02 0.13 2.66 4.63 1.51 0.07
28 1327
750 575 556 597 745 657 906 867 812 622 607 922 701 787 581 600 572 813 636 985 887 528 855 808 908 986 849 502
3.51 8.20 8.34 7.14 4.25 5.44 8.30 2.34 5.86 6.71 0.94 5.39 2.81 5.38 5.11 2.24 0.23 4.93 4.86 6.75 9.79 0.71 0.37 7.44 2.47 3.47 2.14 7.61
77 941
188 391 457 60 401 179 107 462 40 225 294 222 431 39 412 71 251 462 192 467 375 108 167 91 21 378 458 474 14 410 236 131 83 419 385 262 290 35 482 154 247 356 341 94 462 56 13 171 239 29 228 28 196 154 413 204 97 413 46 357 316 197 204 273 354 275 324 197 496 27 299 142 280 149 156 460 107
0.78 6.57 2.07 0.02 4.53 2.79 4.21 4.64 6.61 8.33 2.65 7.05 6.71 8.44 6.22 9.62 1.50 7.37 7.32 5.04 2.38 3.00 1.16 2.89 3.37 6.43 9.72 8.75 9.19 2.40 2.29 2.97 6.67 8.95 6.53 9.03 4.67 7.42 6.73 3.57 0.38 6.22 8.25 2.80 2.43 4.28 9.98 2.66 3.58 2.74 8.63 2.35 8.37 5.87 1.67 3.41 3.59 4.60 7.95 9.22 1.93 8.72 7.57 2.04 1.60 6.20 5.14 7.34 7.39 0.58 3.00 7.66 0.87 9.99 3.58 0.70 0.21
39 526
119 447 123 223 289 18 171 427 10 136 173 263 90 294 449 190 410 478 145 224 323 310 465 310 192 58 500 155 21 247 184 333 260 238 4 83 495 253 244
1.69 8.34 7.95 2.05 9.51 0.10 8.10 2.88 8.47 3.32 2.08 4.14 0.09 9.58 8.43 1.31 1.59 3.43 0.86 7.24 7.81 2.62 3.28 8.89 7.81 5.04 9.59 5.97 2.19 8.56 5.42 9.29 9.03 2.73 1.01 8.60 9.21 3.52 7.31
68 375
218 244 478 311 145 171 273 122 129 259 357 455 496 270 447 140 497 269 277 264 90 138 349 481 417 184 26 320 17 422 33 111 438 217 118 290 21 91 187 457 262 156 410 184 306 207 376 206 200 194 34 239 218 366 244 320 148 43 429 146 77 65 416 56 340 115 184 405
9.35 3.01 3.93 0.29 7.96 0.68 1.16 2.42 8.95 9.16 9.01 8.61 2.03 5.45 0.14 8.12 7.59 7.89 6.32 9.57 5.55 6.87 8.55 2.70 1.42 3.64 8.89 0.57 9.06 2.54 4.83 8.72 2.60 4.43 9.85 0.49 2.08 1.77 5.98 0.03 0.14 8.07 6.99 7.16 9.36 7.30 3.08 0.58 2.67 0.76 0.55 8.72 1.38 2.14 2.54 9.55 8.12 3.31 9.12 3.75 4.43 6.40 7.97 7.67 5.26 9.88 8.78 5.15
81 716
458 388 499 113 213 16 142 176 19 162 483 352 433 482 10 139 396 131 424 233 4 321 473 274 225 277 407 325 463 291 31 316 486 158 411 324 351 419 469 172 108 461 263 453 163 156 439 222 326 320 409 214 177 438 480 78 36 182 248 231 402 410 228 77 408 446 283 443 410 50 70 231 495 143 331 385 290 456 478 412 97
7.30 4.08 2.07 9.68 9.54 0.61 5.48 4.63 9.42 6.61 7.94 8.25 6.60 7.51 1.92 8.45 0.88 4.81 7.05 3.29 9.10 6.19 9.85 5.96 0.99 8.74 1.89 7.49 8.52 0.27 2.11 3.59 5.78 6.29 1.46 4.27 8.55 2.70 0.54 7.73 5.73 6.72 3.31 2.07 6.82 1.07 2.64 1.35 2.57 9.00 5.86 4.59 8.06 0.16 0.89 9.14 0.19 9.83 6.19 2.09 4.00 6.68 0.13 6.13 4.70 6.37 8.07 8.55 4.82 1.31 7.61 4.75 8.50 8.79 5.41 9.94 7.14 2.90 1.01 5.43 3.53
79 1068
803 917 687 998 963 781 932 987 541 851 986 711 559 612 793 597 656 590 523 584 856 639 556 525 686 646 799 783 911 987 690 905 796 662 855 860 937 677 521 983 805 862 897 878 805 945 875 638 732 806 517 907 691 994 927 898 605 687 731 621 619 907 1000 698 794 934 604 766 636 989 572 607 604 857 702 729 894 787 740
6.53 9.73 0.92 5.88 9.90 2.60 8.00 1.21 9.92 5.09 8.13 3.92 4.64 4.78 4.51 5.78 3.09 9.97 1.09 2.10 1.75 8.38 1.99 0.06 5.26 4.76 7.15 5.70 6.03 7.77 0.24 1.35 0.02 8.95 7.25 7.54 8.43 9.20 6.80 5.97 7.48 0.49 5.61 2.59 1.06 3.34 5.09 2.60 3.42 2.72 7.61 1.21 1.66 7.84 3.28 6.89 0.30 3.76 0.88 6.29 2.49 4.88 8.78 2.26 5.27 3.55 4.45 9.18 8.56 8.81 3.41 2.16 9.97 3.34 1.18 9.29 0.38 8.83 4.23
62 1214
368 137 414 133 304 83 253 56 17 466 49 208 393 466 179 225 375 288 223 428 401 343 463 218 24 477 442 269 462 264 338 82 425 6 119 125 221 211 3 367 236 434 395 181 41 3 120 184 472 274 358 221 181 184 333 330 265 482 436 130 202 178
1.85 2.51 9.54 7.27 0.55 7.67 1.33 9.22 2.20 7.54 2.12 8.92 4.70 5.84 8.11 8.60 9.83 5.92 4.91 4.45 5.24 9.72 6.16 8.64 5.72 6.76 1.60 2.02 0.16 0.07 2.56 5.68 2.93 8.57 4.58 2.09 1.00 7.71 9.93 8.86 0.48 2.88 4.86 1.00 9.10 2.38 9.32 9.53 3.13 9.54 9.06 7.45 0.26 5.68 2.69 5.97 2.14 8.59 8.76 6.79 2.83 3.15
16 41
428 103 188 351 409 220 19 380 8 420 125 355 479 89 413 355
9.43 6.52 3.67 6.63 6.64 8.72 8.31 8.47 7.40 7.64 4.72 8.35 1.25 6.84 3.43 8.23
70 596
907 667 718 711 616 579 511 841 834 504 553 696 965 717 561 724 655 657 937 805 753 998 685 993 921 1001 963 659 905 912 865 894 622 867 625 662 817 821 580 808 694 695 840 666 526 531 759 620 904 585 897 608 874 898 804 684 864 524 604 866 924 718 917 639 910 1001 873 592 885 649
7.69 8.53 5.66 9.71 2.41 9.80 4.74 0.74 5.94 5.22 3.49 2.83 1.58 1.33 5.18 6.05 7.43 0.97 1.10 6.18 0.20 7.94 7.88 8.71 2.44 7.05 3.87 9.27 0.04 7.14 2.54 9.36 9.38 7.18 3.85 8.47 6.03 8.02 6.50 6.54 9.54 4.59 6.86 3.03 1.06 6.44 2.70 1.26 3.34 6.36 2.43 9.51 4.97 9.80 2.92 2.50 3.23 0.01 1.68 9.63 2.61 6.59 1.43 8.74 8.18 7.28 7.93 6.69 6.02 5.73
100 568
26 240 9 265 273 285 27 349 439 498 207 500 21 297 121 121 223 10 182 482 383 469 471 138 190 126 239 263 258 274 221 65 242 100 14 64 325 415 395 145 487 36 78 413 158 408 39 9 407 185 162 179 10 132 83 492 323 299 231 246 24 74 197 225 417 334 179 77 115 36 383 240 37 222 381 426 280 39 52 347 68 478 358 441 76 195 337 26 88 382 304 405 28 269 397 83 82 1 219 377
2.56 5.85 9.79 5.06 5.59 8.29 7.39 9.41 4.82 3.25 6.67 3.25 2.49 1.00 0.57 3.61 2.51 3.93 5.41 4.17 6.96 8.29 5.17 9.75 4.23 1.38 0.02 1.41 4.49 5.07 5.52 4.30 0.04 9.16 1.77 3.05 1.06 0.68 4.00 1.97 9.54 7.33 8.65 9.65 6.78 6.35 1.77 0.34 2.32 2.10 8.52 6.73 4.56 8.32 5.70 1.41 6.07 3.68 1.13 6.68 8.83 1.53 6.66 5.05 7.22 7.22 3.88 5.01 9.32 9.14 4.05 9.40 9.04 1.90 6.42 6.09 4.82 2.54 1.62 3.13 2.37 3.33 8.98 3.22 2.07 7.16 9.65 4.62 3.81 3.91 9.50 8.24 4.56 8.86 8.32 3.16 6.56 6.52 4.61 5.40
41 938
301 372 345 432 314 468 239 341 113 369 140 191 275 31 1 398 247 324 178 496 341 478 277 258 206 476 313 491 475 380 409 19 368 130 412 495 191 67 405 321 257
8.91 6.62 9.03 5.55 8.19 9.38 4.46 7.42 5.63 0.71 1.45 9.27 2.02 0.44 8.57 4.16 0.86 7.46 3.02 2.35 8.08 8.32 9.76 3.10 9.10 3.27 2.60 8.95 7.97 5.62 3.36 9.56 6.22 2.37 7.93 4.44 1.56 6.94 0.66 6.43 8.79
94 1020
33 21 405 185 318 213 411 427 367 57 225 92 219 275 224 130 81 336 296 374 370 387 240 316 104 389 177 257 230 60 87 477 64 345 228 211 156 258 317 352 37 69 472 395 388 429 39 296 342 148 67 15 217 491 291 167 136 439 142 305 75 24 399 485 59 461 241 420 292 412 72 102 178 361 129 453 290 196 485 142 479 209 214 361 437 378 92 466 154 378 323 20 333 436
1.00 8.71 1.27 4.36 6.11 1.88 3.14 2.30 7.01 7.60 9.17 9.65 1.48 7.71 1.26 7.68 5.93 7.22 9.34 9.62 7.96 5.83 4.48 8.62 8.50 4.80 8.74 1.51 8.68 0.59 8.58 0.44 9.37 8.30 0.68 7.28 3.76 1.24 1.92 7.90 5.76 4.87 7.57 6.08 9.66 6.25 4.31 9.31 8.76 2.39 7.21 1.17 3.54 3.43 2.18 7.53 2.03 9.30 8.07 6.28 7.74 0.61 5.03 2.88 3.19 7.47 8.20 6.32 9.16 2.01 8.24 2.95 2.63 3.29 3.06 7.57 8.81 5.33 7.04 4.37 4.93 1.96 7.06 2.20 6.36 4.39 6.87 1.45 7.77 9.86 3.88 2.34 4.68 2.57
88 721
338 171 8 33 420 474 91 424 427 386 326 45 347 448 116 160 13 84 4 57 143 424 395 479 338 28 220 328 54 269 103 457 129 273 194 9 129 431 482 387 352 125 498 51 493 436 459 489 67 229 40 294 342 128 48 449 125 27 451 6 408 410 283 10 464 352 125 100 145 248 436 386 243 389 177 299 384 163 268 238 88 272 51 488 212 483 62 462
8.94 4.93 1.86 3.65 5.37 5.67 3.70 8.68 5.75 9.83 4.52 1.48 2.11 8.90 3.22 6.67 9.57 4.01 7.00 7.55 6.65 3.62 2.00 1.27 3.70 1.44 4.90 7.38 0.88 6.35 8.10 2.79 9.32 8.82 3.55 8.81 1.88 0.69 2.59 8.58 2.21 7.76 2.03 5.31 3.45 7.11 8.98 4.71 0.36 3.50 9.28 7.17 1.13 1.88 7.41 7.89 7.66 5.29 7.53 5.55 5.69 0.13 8.54 2.85 8.43 3.30 7.93 4.34 0.09 7.92 2.15 0.01 8.05 7.24 3.40 4.93 4.94 8.54 5.50 8.52 4.51 1.47 3.73 8.75 7.42 7.77 6.40 9.66
33 855
589 896 640 934 671 802 779 957 934 927 637 732 685 818 915 699 624 688 966 774 1000 879 716 950 740 558 607 918 930 995 966 638 584
0.73 0.03 6.35 1.97 3.80 0.85 6.91 6.00 9.09 2.19 1.23 9.24 9.32 4.52 5.35 1.36 4.66 8.64 0.29 1.96 0.48 4.99 8.23 0.07 3.16 0.98 4.38 7.16 9.80 7.81 1.71 6.41 0.43
90 152
416 185 179 79 481 406 435 283 2 119 78 322 78 299 43 5 444 319 363 199 149 307 406 275 428 323 200 164 99 483 279 252 473 318 75 417 415 242 59 188 258 160 409 87 452 351 135 368 434 396 212 483 316 45 396 230 147 38 11 156 93 22 150 433 32 338 316 26 175 60 200 111 436 315 371 328 435 17 327 65 98 288 432 114 485 456 433 143 63 152
8.73 6.44 5.38 8.24 6.26 3.39 9.61 8.67 5.25 6.23 4.34 6.01 1.45 5.90 0.24 2.19 2.83 5.25 1.44 3.11 0.38 8.65 5.68 4.54 9.49 3.68 6.63 1.94 0.75 4.23 8.57 4.74 1.56 6.79 5.75 8.35 2.12 4.58 1.72 9.60 2.35 6.25 5.88 3.55 8.26 8.69 7.64 2.68 9.33 5.67 0.36 1.30 0.42 7.04 0.40 1.08 4.75 5.06 8.63 5.63 6.55 7.53 4.60 5.11 4.77 9.52 5.73 3.69 1.58 8.09 6.69 5.80 2.05 7.01 6.51 9.14 3.60 0.83 3.37 5.25 6.81 0.20 9.66 0.75 1.04 2.87 2.38 4.86 1.41 7.38
68 916
575 793 934 521 820 667 881 938 640 878 950 659 542 584 737 649 968 676 582 649 514 608 793 610 960 994 921 907 872 780 924 707 702 938 705 999 908 739 607 918 756 807 590 592 588 745 943 921 965 802 992 765 709 622 896 678 524 772 774 941 950 874 976 765 579 760 502 672
5.96 2.85 1.80 1.36 1.15 3.36 1.95 8.66 8.21 3.60 5.05 8.93 1.86 9.91 5.78 2.63 9.53 0.16 7.39 4.35 0.68 4.55 9.17 2.12 8.38 0.74 3.24 5.94 7.75 3.69 6.48 7.22 8.49 3.17 6.13 3.10 1.37 4.07 0.13 2.32 0.68 7.61 5.50 1.74 7.61 3.62 0.90 5.17 1.57 6.80 1.74 8.43 9.38 2.38 8.85 7.44 4.29 8.88 4.27 8.36 9.91 8.47 9.95 1.37 5.95 7.71 7.97 2.14
13 816
202 167 392 361 289 128 316 181 312 214 32 430 227
2.71 3.56 1.52 2.09 0.74 0.69 9.52 7.25 2.41 7.79 2.96 6.77 4.10
3 1143
493 17 20
7.96 8.45 7.80
75 311
442 376 339 67 66 311 395 260 4 32 499 146 260 172 377 309 250 270 113 193 252 181 208 229 47 468 41 58 226 47 303 188 284 464 53 30 220 334 212 399 26 88 413 189 35 271 251 37 247 323 119 451 366 319 414 468 416 342 51 50 406 240 320 50 181 168 275 207 165 420 440 237 390 217 262
2.50 5.86 5.66 8.78 6.66 5.45 7.73 6.45 0.18 2.68 2.18 8.34 1.61 7.81 4.21 4.53 4.15 0.29 0.53 9.28 1.35 2.37 3.24 3.69 4.02 3.32 2.57 7.00 9.56 6.23 1.23 9.92 7.50 1.68 5.28 5.42 7.58 5.31 9.07 5.41 9.15 8.60 4.38 3.68 3.08 4.96 6.16 8.54 0.17 5.22 0.08 0.65 2.14 9.82 9.19 4.21 4.12 6.80 0.08 2.33 9.90 7.66 0.64 9.53 3.66 5.53 4.86 7.14 4.61 2.39 1.98 9.86 3.19 4.97 0.08
49 567
10 56 335 13 130 52 68 402 115 20 393 358 340 233 303 498 136 324 284 275 321 45 379 106 376 235 475 311 223 496 334 414 168 151 487 447 185 215 250 49 375 228 223 265 20 405 299 83 312
3.75 7.26 5.17 4.37 9.31 5.14 7.69 9.02 7.86 6.77 2.15 2.72 9.91 1.22 9.87 1.68 9.62 7.12 1.84 9.32 3.25 9.39 0.12 6.68 6.41 0.16 4.12 6.02 2.94 2.45 5.93 7.32 0.74 7.65 1.20 0.05 2.56 0.10 4.76 4.62 1.84 4.90 2.56 1.10 6.72 7.33 3.99 4.70 7.37
44 713
61 13 232 289 234 28 9 424 310 287 62 166 204 161 251 219 319 40 43 347 99 366 18 296 27 415 420 178 292 307 14 387 440 366 154 207 482 51 65 415 13 335 488 301
7.25 8.73 2.44 7.90 8.77 6.71 5.19 0.36 6.14 1.38 2.82 4.11 8.68 7.37 7.37 1.32 6.72 0.92 2.86 5.59 4.40 1.74 7.84 2.56 1.83 7.31 9.77 0.64 7.23 0.77 3.24 4.58 2.25 6.37 6.35 6.85 6.18 8.63 2.16 4.30 7.02 4.11 4.68 0.31
17 50
850 570 739 950 611 817 851 953 636 567 972 542 963 706 570 741 711
9.29 3.14 1.96 0.35 2.68 8.22 5.74 1.84 1.53 3.80 4.17 9.70 6.85 5.18 1.99 7.19 8.56
56 1048
344 393 99 168 20 358 68 65 132 38 191 311 195 451 416 7 36 15 412 116 247 366 370 311 375 214 134 76 51 206 418 114 405 415 11 223 190 190 489 461 225 229 58 500 354 359 325 233 235 135 358 304 437 500 85 357
6.31 3.21 0.63 7.38 4.25 0.97 9.44 7.39 2.09 9.70 8.36 6.38 1.90 1.93 2.79 5.97 4.55 1.21 6.12 7.55 1.61 6.96 1.72 1.18 7.32 2.46 7.45 5.42 1.09 7.08 4.55 0.44 3.92 6.61 5.37 9.65 4.13 8.06 6.82 7.28 0.87 7.49 8.92 1.98 5.77 2.49 0.46 8.92 6.14 2.78 6.11 5.54 5.24 5.38 1.94 8.39
83 1132
160 433 60 91 407 233 327 427 134 157 316 424 306 16 431 472 221 198 32 424 232 224 39 28 406 134 219 485 420 60 56 33 146 459 182 94 473 88 25 145 77 462 396 88 432 122 413 37 16 193 252 47 271 328 365 454 8 254 401 88 68 271 216 297 181 171 475 291 93 174 470 470 138 101 406 31 80 130 31 244 160 110 115
2.85 8.59 1.17 1.03 9.36 0.92 3.38 7.09 0.17 3.39 5.76 4.36 1.57 6.56 9.72 2.55 9.98 6.56 5.98 1.20 5.85 2.09 3.05 3.02 6.40 7.80 4.37 6.15 7.67 9.82 5.92 2.64 8.64 2.01 8.26 2.76 2.87 3.92 9.64 7.45 5.36 3.93 9.32 3.63 5.19 3.52 2.62 9.52 6.56 1.11 1.89 9.84 3.81 6.62 9.92 2.95 8.04 9.92 5.02 4.81 5.92 9.55 9.15 6.85 3.34 9.75 3.46 7.61 9.37 7.16 7.63 0.21 8.32 0.41 2.27 0.62 0.32 8.66 5.84 3.66 3.18 7.64 0.32
89 964
48 204 109 159 353 94 380 33 110 322 197 34 7 251 57 10 325 231 488 330 422 28 252 67 286 92 405 461 294 87 446 155 445 236 359 308 457 144 24 336 259 412 62 125 495 449 331 213 340 55 395 52 485 416 423 80 349 347 101 471 115 169 258 45 402 306 38 451 429 241 73 366 217 160 241 50 450 184 202 274 275 253 59 203 430 334 85 495 219
0.35 8.13 7.70 8.88 5.83 6.15 5.46 9.75 7.52 3.20 6.29 3.18 9.15 2.65 7.97 0.18 9.57 6.80 0.30 0.58 3.20 9.03 4.14 8.88 7.34 3.02 9.46 4.60 5.97 9.41 2.82 8.19 1.78 2.14 7.58 6.62 1.00 9.66 2.53 4.64 7.79 8.54 6.95 0.68 7.71 9.45 2.95 8.62 2.18 8.19 8.12 9.24 8.24 6.56 4.19 7.54 0.71 0.97 9.96 4.94 5.95 8.42 8.95 7.39 9.27 2.71 5.19 3.35 0.46 5.83 2.57 7.89 4.09 1.90 6.13 1.64 4.38 4.00 5.82 6.01 6.14 6.17 5.90 8.29 6.56 5.72 5.70 3.08 4.53
48 500
495 438 350 90 447 13 208 153 136 103 413 184 171 375 114 52 265 172 433 174 124 59 466 293 378 398 95 295 350 242 436 417 64 1 416 386 21 440 47 75 418 198 144 465 73 147 322 258
9.17 9.48 9.81 4.28 5.26 5.43 5.89 4.84 6.34 5.97 4.96 5.45 0.80 7.74 2.84 9.09 8.08 7.09 4.72 4.14 4.25 8.40 1.51 3.85 4.96 1.82 0.42 9.91 0.14 0.71 5.75 1.96 7.98 1.70 8.31 7.02 7.59 2.58 4.56 5.41 2.92 6.11 8.85 2.38 2.38 9.84 4.80 6.94
96 221
752 713 608 931 985 736 654 739 711 953 610 728 954 647 660 636 914 951 874 910 664 919 513 834 790 655 747 847 966 781 876 900 625 679 771 843 983 552 832 948 822 971 964 817 532 727 603 519 564 882 539 956 564 601 836 565 578 905 817 588 841 674 699 779 799 808 571 527 628 588 548 513 645 938 570 633 626 849 901 549 676 926 558 854 915 579 981 965 879 550 915 978 644 560 571 843
4.58 3.38 9.92 8.15 2.91 0.17 8.15 4.31 2.58 6.15 0.13 1.19 1.61 7.49 4.78 7.48 3.88 5.41 7.34 7.97 7.57 6.85 6.64 3.89 7.64 1.11 1.96 0.39 9.19 0.24 7.74 9.72 1.07 3.01 6.63 1.66 1.79 5.13 4.25 4.80 1.93 0.67 1.15 5.02 0.26 2.33 0.23 0.02 2.63 0.51 0.28 1.02 5.87 3.69 8.73 5.66 0.92 5.28 9.37 8.18 2.12 4.41 3.17 5.75 2.21 0.62 2.82 2.27 4.75 5.18 4.20 3.35 8.51 3.89 0.45 8.89 0.78 8.99 6.79 1.85 8.86 0.24 6.69 4.70 1.75 7.66 2.73 7.22 6.50 0.93 7.60 1.98 5.96 3.14 3.51 6.27
66 1090
940 540 590 745 927 924 792 822 798 655 523 932 684 665 899 626 944 564 735 779 542 703 807 696 776 520 510 549 735 567 867 626 986 758 926 994 618 995 763 782 895 951 881 946 896 928 965 971 644 810 540 618 846 780 735 933 502 578 960 859 764 715 932 925 529 665
5.45 7.15 4.48 5.92 8.72 1.49 9.48 7.30 6.14 7.33 5.58 7.57 1.26 0.32 6.26 7.12 9.48 6.12 1.74 7.25 9.00 4.59 3.42 8.43 8.72 1.01 5.63 8.86 4.59 1.61 7.61 1.87 8.57 3.11 1.12 3.15 6.84 8.51 1.46 1.29 6.23 3.78 2.28 7.50 0.63 2.90 7.06 3.20 1.34 0.61 2.53 6.24 8.06 5.50 1.99 9.36 9.59 7.87 8.77 6.79 5.85 9.66 2.81 7.56 5.23 6.35
27 801
319 206 138 60 280 365 384 220 219 67 227 378 164 231 393 145 273 37 371 356 391 234 275 458 412 139 182
8.25 4.05 7.10 2.30 7.07 3.48 4.02 6.69 3.99 1.70 8.11 1.70 6.39 1.52 2.31 2.24 6.64 8.16 5.47 2.62 4.48 5.34 8.66 4.76 4.46 5.56 8.88
38 484
438 277 72 490 377 483 241 458 124 369 219 370 10 128 172 408 325 276 172 40 159 43 325 219 156 340 352 221 29 206 57 92 365 281 238 293 322 434
1.23 9.27 6.10 4.68 9.14 4.26 6.02 6.61 5.71 9.79 0.86 5.23 2.84 5.34 1.24 3.65 7.39 0.99 4.14 4.38 9.70 5.68 1.52 5.76 7.39 5.84 4.76 2.17 6.13 1.76 7.76 6.57 1.44 1.50 4.10 6.20 8.13 4.39
49 865
255 323 448 283 465 332 123 71 158 292 94 231 397 207 421 232 297 435 10 125 314 381 41 300 38 385 138 88 41 134 435 93 448 42 233 276 40 204 145 441 300 95 190 368 462 376 462 17 232
9.90 7.41 9.54 6.98 6.07 1.78 6.16 4.36 8.42 4.86 8.41 9.15 7.23 1.19 6.52 9.40 9.71 1.92 6.59 7.53 5.82 4.97 8.01 5.53 0.05 0.76 0.14 9.55 1.49 6.76 2.12 8.33 7.42 6.53 2.07 2.36 7.85 1.33 4.46 3.12 1.01 5.04 6.94 4.49 2.50 5.53 0.46 0.50 2.91
48 1177
446 329 86 478 353 175 356 113 413 308 244 179 266 67 31 211 71 82 183 236 455 239 96 32 474 15 47 470 231 403 79 231 7 270 217 302 305 122 3 279 407 372 483 153 110 322 396 336
5.91 9.55 7.67 8.76 0.86 6.37 6.55 5.61 9.91 3.04 7.56 9.66 2.57 6.05 4.40 0.01 7.84 1.77 4.17 6.33 9.58 4.49 1.17 4.29 7.96 2.35 5.42 0.24 4.78 4.45 4.92 9.81 3.15 5.25 3.34 7.70 4.11 4.65 7.11 8.32 5.92 4.80 8.64 9.59 3.45 7.01 4.66 4.53
93 1212
244 72 399 151 101 37 403 124 264 169 233 215 364 468 489 232 183 303 331 227 212 443 383 71 414 30 169 189 403 449 345 465 312 183 65 468 283 345 481 253 129 234 487 153 344 350 438 50 245 471 210 289 196 470 83 5 433 236 66 231 190 115 392 328 409 486 44 380 457 154 313 298 415 406 476 52 95 166 352 37 88 352 81 210 277 120 127 282 352 341 98 336 5
8.89 7.27 8.73 7.47 2.97 5.60 2.49 6.65 8.06 7.70 2.02 0.32 9.98 2.33 6.29 9.51 9.70 9.54 8.43 7.03 7.28 0.78 2.59 1.87 5.15 3.71 4.89 3.46 5.84 7.51 4.75 2.41 1.51 6.59 5.24 7.51 5.49 3.68 3.90 0.58 8.32 5.19 7.72 3.84 3.30 4.70 8.65 6.52 9.06 2.64 8.33 0.26 9.33 2.81 3.41 5.11 2.25 9.05 5.22 0.66 4.46 7.47 0.07 9.09 7.35 2.71 9.01 9.64 5.56 8.60 8.24 6.36 0.35 6.63 4.14 3.64 2.78 7.70 8.95 6.28 4.18 5.46 6.16 3.72 4.20 1.80 6.75 0.13 8.67 7.74 0.01 4.95 2.57
51 759
272 34 272 425 213 369 470 224 105 291 116 361 318 180 55 14 238 65 133 308 191 397 132 170 421 383 217 201 321 113 154 383 229 306 165 496 219 166 430 302 467 430 359 140 371 337 385 227 241 351 164
8.18 2.10 7.42 5.24 3.39 5.59 7.59 0.77 9.15 8.75 5.92 7.70 1.70 8.58 8.12 1.09 8.20 2.46 0.38 5.44 6.63 6.73 5.26 9.38 9.37 3.13 4.95 4.81 8.27 6.76 0.86 5.12 1.79 1.34 1.33 9.65 6.76 0.40 1.42 4.32 0.34 5.31 1.46 0.43 9.90 3.59 3.38 6.50 1.31 3.57 6.53
12 50
413 191 353 55 411 411 364 167 138 27 225 414
2.63 3.43 9.01 9.16 6.43 6.58 7.97 7.22 7.79 8.22 9.76 0.02
26 1069
113 320 359 471 277 451 322 131 403 14 183 279 201 311 213 109 63 269 272 357 442 313 3 176 283 293
0.52 8.92 9.94 3.97 6.12 9.19 4.59 7.27 7.11 9.08 9.66 6.86 1.02 0.64 9.36 2.71 6.02 1.98 0.31 4.47 6.21 9.08 2.40 7.78 9.83 7.57
62 961
386 478 460 42 256 321 11 261 227 77 83 214 231 103 157 99 218 40 280 44 71 33 488 403 36 423 9 169 225 220 354 373 357 316 41 13 47 32 296 134 52 183 237 341 41 5 145 133 45 399 44 69 397 64 482 422 81 227 466 75 45 313
5.05 5.43 8.41 0.08 2.81 1.09 0.24 7.39 8.58 0.40 7.84 4.19 3.52 7.84 0.01 2.38 8.96 4.86 0.04 9.00 3.64 2.79 8.44 0.57 9.69 9.11 7.71 4.62 9.80 0.41 3.15 2.94 0.59 7.53 5.79 3.26 9.84 1.22 6.29 8.93 7.48 8.84 1.22 8.50 2.95 5.35 5.32 9.55 4.04 4.23 6.17 3.70 4.53 6.49 9.94 2.27 0.95 8.38 9.69 4.45 0.78 1.16
37 1413
621 861 914 649 511 902 920 921 804 933 742 642 993 590 731 885 994 941 629 953 832 525 957 950 604 843 597 989 849 953 738 728 520 896 974 538 923
2.86 9.59 5.00 5.26 0.20 2.75 6.31 8.09 5.84 2.44 1.07 2.51 5.72 7.45 2.39 0.07 3.02 1.33 6.36 1.24 0.04 5.62 7.04 7.97 6.07 8.07 2.49 3.96 2.28 2.02 4.30 0.64 7.05 6.48 5.29 9.07 7.79
71 1171
129 37 384 482 285 119 415 32 109 154 87 40 250 176 394 309 479 29 288 167 476 127 476 376 189 132 140 212 488 74 366 289 474 54 215 326 443 295 474 208 104 436 268 268 282 82 337 395 491 267 390 156 339 71 89 273 384 316 341 402 187 330 197 302 408 438 272 90 442 446 246
5.32 1.45 0.44 1.08 2.74 1.87 6.76 9.61 9.67 6.81 6.03 2.86 2.72 2.60 5.68 3.15 7.90 0.52 6.21 4.88 3.19 5.65 9.07 5.20 7.92 3.37 1.66 2.92 5.31 0.21 7.06 3.81 6.90 8.72 8.57 2.90 0.29 8.09 1.47 7.05 3.77 4.94 7.23 3.28 4.35 1.36 7.46 1.23 7.80 9.38 7.88 0.23 2.12 4.00 4.76 4.33 8.13 9.04 8.74 0.72 3.55 2.75 3.81 9.95 9.28 2.77 1.29 8.41 9.25 1.98 1.44
85 924
380 7 389 370 468 385 71 322 187 89 297 444 42 283 233 98 305 328 300 276 415 429 205 471 12 3 240 444 162 371 477 22 461 495 114 226 341 94 343 133 2 129 250 500 55 238 362 312 44 344 107 41 184 287 52 18 226 446 427 453 48 448 63 265 128 188 496 499 237 496 101 243 285 435 280 75 370 318 319 202 250 157 158 70 21
0.08 2.30 0.83 5.87 7.38 9.87 6.03 8.25 4.31 7.67 6.47 0.12 5.01 9.44 3.35 5.09 0.74 2.46 8.80 2.78 0.74 7.20 8.56 9.05 0.27 5.49 9.38 4.73 1.39 7.89 7.52 5.09 4.15 3.95 7.73 4.85 8.59 1.31 4.03 5.95 0.42 1.97 6.60 7.66 5.77 6.89 1.34 1.47 2.74 2.33 1.03 5.35 0.24 3.84 0.02 4.65 6.86 6.46 6.18 9.33 5.22 2.07 7.05 9.80 9.56 7.42 9.00 6.09 6.98 8.70 1.24 7.48 5.19 1.24 8.62 2.52 2.01 5.27 9.91 1.41 4.71 1.23 0.61 5.68 9.20
83 85
97 114 115 33 499 93 103 216 95 173 221 419 395 12 301 304 40 184 328 139 369 288 285 268 391 76 122 446 131 329 368 351 423 347 33 179 357 42 57 376 203 233 206 191 287 397 432 335 370 220 337 174 263 452 13 16 488 156 144 143 454 111 392 413 215 208 211 333 26 344 353 168 24 412 459 249 489 132 257 292 255 74 499
7.11 9.14 9.91 0.42 7.47 1.57 2.12 0.09 1.07 2.54 3.46 9.76 5.51 5.43 3.89 9.41 9.39 9.58 9.41 9.47 0.15 2.38 6.55 6.49 1.18 9.73 0.84 7.50 3.52 1.21 6.44 0.66 0.64 8.72 6.13 2.31 6.77 0.01 3.77 2.75 1.94 0.61 3.43 6.04 9.52 0.74 2.29 1.20 4.34 5.85 6.68 4.85 2.02 2.08 3.01 7.95 2.78 0.42 8.31 1.50 5.28 5.93 7.00 8.96 8.75 0.75 3.47 5.17 4.01 2.23 2.37 4.56 6.54 9.85 0.91 3.49 7.38 7.43 0.28 4.41 9.81 9.20 5.41
26 258
637 563 756 618 680 590 845 733 848 852 681 787 823 549 550 725 548 530 917 737 915 523 823 633 590 623
7.57 8.42 8.59 4.36 5.19 2.06 1.20 6.91 0.99 5.04 7.95 2.37 2.69 1.18 0.18 7.22 5.45 7.61 5.17 0.85 7.99 3.06 0.06 0.98 3.36 0.99
1 524
261
8.26
15 24
694 876 888 932 716 891 911 662 565 742 560 740 851 764 808
4.54 2.58 2.89 0.03 6.66 1.85 7.12 2.81 5.45 5.61 8.32 2.45 0.94 1.76 7.50
86 517
801 826 992 583 541 773 980 998 855 596 882 731 897 703 914 999 593 747 783 992 594 599 576 631 667 758 973 519 810 773 622 753 520 871 687 839 766 642 663 626 833 717 705 757 847 535 818 792 887 886 919 764 760 581 849 568 578 686 611 689 973 907 651 926 842 838 712 861 691 891 836 993 742 865 775 518 610 744 660 935 958 915 919 718 706 646
5.44 4.36 9.07 4.22 1.64 5.58 4.84 3.98 5.12 3.00 8.25 1.04 9.68 4.78 0.50 3.83 1.56 2.75 2.30 4.46 4.33 1.50 4.15 9.90 3.74 3.47 2.65 5.49 0.14 8.19 1.54 0.17 8.45 6.43 8.74 5.29 8.26 2.35 3.25 1.47 9.05 9.29 8.14 0.42 8.16 7.43 8.41 1.10 1.43 3.97 5.10 2.19 9.13 8.94 9.32 5.18 2.22 2.38 2.61 5.14 6.44 0.98 2.22 8.47 4.27 4.95 2.92 9.58 7.32 8.11 8.80 0.91 4.24 7.08 1.54 3.25 1.54 7.55 3.91 5.67 7.55 8.39 9.72 7.09 1.85 6.76
