10
125
54757 86220 4050,60867 68514 8446,18417 52481 1762,37106 97878 1734,1179 41269 8901,70395 83711 2357,64234 88919 4147,94273 97087 1283,48309 85678 2935,56430 95762 2268,8255 32150 6082,97591 99809 4421,64778 79358 7899,3846 93063 4324,44645 93303 2073,27463 49912 1362,82839 92563 6690,91570 97978 8482,71274 79536 1436,38693 47144 7226,68389 76119 3980,85423 98694 5351,96279 98968 5380,56618 70340 1690,90954 91735 8034,85353 96633 1734,85264 91794 4300,39745 72674 8783,71295 93223 9882,27090 96403 6004,42490 94521 6864,99237 99715 171,68023 86840 5805,52466 65384 5990,20267 69878 1459,59430 72653 2322,7618 32755 9807,61136 71748 7061,61025 62247 5507,71796 89391 3413,64751 97156 4395,39376 80659 6576,96183 99124 9009,57368 68405 9759,61570 89473 561,28898 58107 2703,54909 89009 5497,49593 97558 3909,75852 90786 1410,50295 71542 969,74267 80091 6332,40957 41077 7315,28440 39528 8322,31758 40330 654,50001 78125 2916,2434 52358 9746,60370 78507 3955,14120 84566 5331,24310 39021 6083,44886 48675 5265,9381 74305 2697,8066 50684 7494,73509 79111 2413,26079 58282 681,54194 97250 6511,68509 94364 6294,34312 66213 3753,75737 89488 6950,13039 21192 2258,24668 28704 9900,92763 93641 8665,14365 28687 6975,60308 83394 5801,62285 98343 9967,54435 95985 2846,79109 99659 4645,62070 68971 8229,96721 96733 5053,18551 33681 9925,41928 46884 9845,27340 31167 594,2317 85141 2675,92041 99763 4249,11677 61456 2429,27593 46650 5512,74443 99973 5945,2306 80146 3466,52453 68257 4896,51931 75932 6869,96072 96450 406,99603 99883 832,25610 30623 8655,39627 46887 2725,60499 78755 9852,81442 82934 5225,72371 93569 2404,65497 86988 1273,65991 82616 6475,22292 91059 836,97772 99911 3138,46555 88608 5433,46670 93235 680,52135 81300 8451,94917 95984 824,90913 93998 8298,36875 85737 9383,97030 99639 6104,61123 73404 6686,21663 90984 9255,83493 93590 8461,73860 76568 8665,4483 42335 2371,79672 81589 9109,22444 59114 5375,19822 89491 3720,20754 99366 3095,39813 84789 2022,21530 94032 1718,34955 92212 4728,36179 56038 2070,65068 70484 2456,62243 79745 2672,23142 45692 2092,61955 94286 6200,72270 93773 6671
176
86979 88213 3354,6465 84421 9054,81672 89202 9195,45884 49069 8508,31836 78840 3019,64126 82229 8277,8110 73685 7276,73134 97438 8714,35594 61156 5302,82475 94261 4823,74541 79363 856,83636 92838 10,62215 98677 7778,177 99871 842,92340 99539 5278,91268 97645 3881,61064 85880 3664,14002 64977 5485,87442 88258 3113,68782 82098 4185,75424 87144 2473,99525 99937 7006,31036 43600 6922,41060 53240 9265,70533 78835 9011,86695 92456 7049,45019 66690 1652,43491 51089 2023,86376 98938 8748,97549 97957 5526,24976 40879 7239,89933 99061 8282,97865 99446 6687,11258 90187 421,18065 83549 381,32285 66612 5172,1879 81891 6975,64001 99986 6265,97206 98901 8732,65682 94439 1114,46833 67563 1515,17798 90202 7823,86334 86537 1004,39688 96652 7302,75984 90603 7804,43472 44283 1814,14252 99668 2672,76553 92956 7268,70649 97092 9112,58338 74527 9176,6724 10200 9084,72728 77579 6320,53824 94087 3979,38980 43903 3511,67978 88785 5820,69279 81183 6226,48363 71517 6749,93651 98425 7945,53639 86683 155,20720 65947 2553,76974 82445 6601,27356 46258 2610,97398 99122 7423,69971 97510 2573,43700 78994 9181,65608 87916 8437,23319 34917 1912,49764 63099 532,48394 51284 2506,20093 53577 9823,54723 66270 3761,77812 81819 4459,56869 63153 7378,81198 85745 9033,18936 67824 1064,94351 98422 4472,79990 99227 1955,8327 16668 9003,44960 97194 54,6451 25886 6755,4892 64650 587,59397 68469 8366,58261 86827 5883,53531 73237 78,70849 94111 8302,55640 75440 3181,93342 97518 2048,93035 98937 2790,91001 91812 4655,17054 77981 3916,70688 73289 8018,24039 87366 7801,89191 95735 3827,27323 61588 3724,19892 79352 2062,19796 22782 1020,48656 95791 2038,94975 96952 5035,75415 79624 9611,27823 87937 5137,56078 82950 8408,69817 91401 5841,25428 39309 6827,18111 24851 5501,70720 83255 1436,50360 95570 4877,57584 59357 4292,16372 36975 8115,53947 74008 223,78953 83295 6189,18285 65627 6891,49969 80296 1534,59344 72461 7475,66789 67621 8231,84174 85047 3096,59289 67774 4568,7989 94747 145,20710 52433 811,36070 99642 9928,86747 88023 351,57110 83850 3365,57903 88830 4755,26437 87691 8844,49516 71051 4323,13435 53410 4021,93123 94883 4160,41741 63526 2728,30240 44873 9204,44974 94718 1971,65969 68037 9596,80686 84634 5073,82639 93646 3907,6798 34888 9515,43048 88838 2436,98296 98561 9186,45846 59829 5726,17565 91386 3220,81502 96665 5889,4224 71930 8044,92689 98343 5907,4111 78480 6692,76425 95438 6998,51389 93389 4094,2843 55180 7940,71372 94001 8278,35096 43895 6132,8209 56359 2888,51873 85805 5588,54204 62462 4015,25734 52964 6073,74153 91881 5041,41672 66753 3761,66380 93898 3423,37665 79647 1922,74266 74516 7456,66638 82758 9884,80086 88528 3953,63299 85097 5520,53534 66675 7218,13150 49740 6390,46700 95649 9047,70238 94774 4052,86616 88891 9914,27516 63137 6395,6451 30705 4860,74128 91679 1878,22434 50395 8443,59534 79424 4437,30725 70936 1714,49503 65724 7451,96552 99166 8644,95139 99917 2489,96384 97533 8321,26947 98636 3455,66954 91809 4206,32361 66675 8156
13
18388 97622 2026,1745 80115 6104,85145 93327 2989,81558 94721 4529,39279 61319 711,99703 99932 6305,2876 51755 6699,55766 80806 9201,40265 70096 5092,80828 81841 2221,5980 62620 9752,42830 46241 510,67509 79180 3
59
55069 64880 8985,9910 62803 3930,54796 76681 5049,70226 80157 9249,4961 23613 7433,25116 31357 3476,95539 97182 8844,83222 89745 7694,59993 79195 9053,6162 16034 3867,43199 73101 6190,63219 68018 818,30214 66546 8827,87604 96548 7705,78568 81659 5012,62238 83049 8889,70181 82211 1915,40850 68762 6875,14140 73433 2926,82828 82989 2097,70715 79653 4861,72812 93634 159,54390 67260 5452,38225 97269 6558,794 89157 3321,29303 40499 4797,33075 85398 9156,863 43476 7508,38151 93481 6678,26872 42277 8867,5641 62823 6009,86406 99305 5261,2268 50006 5060,11041 26850 5208,54614 76832 8344,61940 80473 7509,12921 54605 7888,72638 90148 2358,30011 52688 382,17875 31518 5592,41269 95358 5138,46937 68984 3721,95315 98354 2303,3337 7932 2256,98712 99190 2931,72823 90609 2798,82517 89989 6291,94473 94593 4302,21357 77797 4050,951 92260 9933,76962 86081 857,44092 58044 5337,54852 71581 1276,11102 40331 4527,54442 77452 77,49436 95337 1581,25772 61305 7255,29494 55199 6158,78970 96330 8132
146
12565 76901 139,87992 98601 2674,2234 84567 4013,70515 90401 5561,99593 99859 8978,57082 84868 2646,9166 15162 6361,155 37330 8732,36337 47195 1677,69028 70346 6328,11867 56176 6778,82319 91038 799,77146 87273 3493,29735 64410 9696,50336 97681 6266,43017 96927 6893,46318 85383 7313,60817 98797 1687,51730 60765 9547,74804 96951 1251,69240 74599 2282,83459 90353 5785,68244 80734 3935,34874 67680 8983,80628 91273 7902,33811 69023 9471,95232 96616 9851,74571 77857 9767,60713 90475 1054,47788 60748 8806,48206 57681 6393,43707 90029 8868,39385 47861 2451,29030 63924 1928,46182 48700 9934,31152 71962 9102,81804 86373 1545,99036 99782 7673,52045 80618 6690,80584 96023 6527,26948 35160 4869,23105 26542 3873,58259 69929 1615,57128 84157 2710,92812 98866 2157,9720 95491 4236,78155 82867 5836,36794 42489 7462,88649 89309 7434,94409 95281 2914,9416 30736 3135,46172 76509 7883,85694 93315 8503,41840 90049 2078,77102 87999 2712,94821 97416 2474,93181 94966 7977,32065 70747 9912,38635 57458 614,17076 22119 2892,66292 79207 2110,38313 49908 4524,42654 89862 5849,73691 88090 724,36820 52581 283,54622 83332 3231,77480 92798 9221,56818 85406 2334,5844 45419 8001,91847 93020 6646,23190 74923 3405,94253 95160 1529,70659 82285 9680,30210 52701 2826,33838 47320 1697,60690 75982 7345,75468 89330 4429,95569 96679 8579,23396 67635 245,74931 87659 2792,77003 78722 8329,14955 24003 2741,10294 11909 4322,92558 97332 9867,2282 20329 468,4683 85461 9955,91169 93504 3467,93502 95692 6524,46127 50205 7203,51467 77280 3053,64551 90854 2963,13295 85131 2652,10828 22108 9741,63479 87937 7752,9655 53180 241,75437 83279 4373,29541 49278 4229,94180 98091 4824,44319 58713 4311,50422 71914 9177,38482 59190 995,76966 99544 2364,39346 87807 4349,94365 96111 8593,70959 94608 616,53361 91686 4123,54093 72032 9927,7024 50075 145,38512 64382 8785,31439 81995 9206,80148 95887 271,95189 97813 6386,41121 50989 9836,74565 76555 3656,36248 37120 3210,32962 65009 5773,9467 77520 8,93285 97040 5643,48353 62964 6189,75422 78346 8035,27654 27900 6255,95346 98562 3080,73861 84129 1914,6459 67902 5514,14554 98240 4512,40296 69817 5567,88426 94616 9788,85273 89780 1774,56144 84410 2924,46022 63314 1533,47701 89219 1321,99080 99623 9423,79690 80680 550,4826 87235 6402,64540 85786 3212,32036 70349 817,43583 69673 492,86274 94395 8452,4787 67224 5686,22167 80591 7831,83891 85191 8292,33045 79414 5870,1771 21847 6033,99332 99519 469,10366 68787 1761,94400 97639 1228
42
87015 97518 7777,85595 97845 8068,72223 92113 8964,45727 90767 7189,87132 96944 1675,59329 82759 202,11963 89962 5101,10514 17211 6482,96044 96552 6213,54203 67880 1414,82096 91441 6217,22840 44365 4362,16737 39904 4040,86401 89844 9680,47115 60506 8392,450 83972 9565,20324 57655 9473,7783 65666 1841,52869 59269 4452,39842 88239 4241,26846 77855 3004,61092 89821 40,32091 69657 6616,71504 72951 5241,98525 99278 7103,5190 67272 1412,19093 47584 358,55107 60322 8948,24662 25226 3312,99787 99882 5387,41134 68323 8373,85791 98554 1657,93855 94669 6186,23616 54700 4054,62678 95226 5858,21871 23390 1514,75117 99948 1152,18812 95148 591,26806 86424 1501,67801 96383 5600,64713 83058 752,7517 16959 8718
131
30667 49580 5416,27936 75775 15,99121 99749 1431,36075 52603 3731,87253 98550 4867,67568 94284 9679,42990 88425 5002,63756 68576 9716,25747 39425 904,57238 80126 2593,58585 92335 6891,39067 74579 858,29821 37889 4926,57329 91287 2589,38111 43827 173,25308 77042 7349,79755 94858 3652,25648 30020 1986,29374 93817 9263,58996 77703 7929,28601 88519 6578,57727 93840 575,77486 78092 2685,28676 70185 4625,92793 99638 7298,94027 95906 8408,21117 86512 3049,11940 73469 172,55003 74556 4653,3453 36494 27,21183 96750 5156,19186 20592 972,83331 98679 7966,8145 8572 9739,10898 28301 9412,15379 91141 4661,11663 15574 7349,29481 94735 425,51517 59939 7453,23229 98859 3454,1144 62378 5210,9504 97925 2223,57904 88914 9989,52676 87233 2495,12152 86701 8745,95713 97668 2208,22191 68882 3457,52490 94776 6450,60028 88811 5178,70197 74254 1867,12359 53895 2104,40000 72820 7487,6054 41357 2033,56555 63847 5874,55449 92626 5524,34646 77462 3681,47716 97863 3627,49838 84437 3208,32432 45552 8606,99999 100000 8665,19334 41379 2325,85968 89837 213,13399 96415 1138,87330 98841 1127,95423 97695 8880,97620 99840 4641,47774 89353 8085,71507 73929 6378,4914 24608 430,93539 95502 139,94686 99350 8757,77166 80468 1906,14442 21386 7371,47537 48255 1970,33368 57780 3714,9598 98370 4324,23386 85206 1438,92126 97778 7018,32687 43453 2329,30655 99727 6656,32199 36885 6869,79831 87668 4379,82359 83973 1441,55263 82245 2310,98775 99786 4494,2610 69272 6943,96393 98598 6477,88727 88769 5484,85209 93760 5020,46697 94914 9496,91533 94595 795,79035 94266 7024,19283 94134 2630,6314 9358 4881,20159 24821 6852,21751 62456 30,51336 67424 3305,85300 95868 6722,98132 99386 4027,27825 31835 655,77931 95248 4012,80635 94957 5112,13486 20469 2638,46788 80605 6703,28797 98079 9051,66151 83015 518,31646 43309 1849,29299 78127 9637,73022 83296 8485,78424 89640 905,27013 75286 695,13901 36236 4650,94311 99521 591,49888 79930 7825,69295 99387 6494,33069 94634 8348,13339 74644 5763,36676 57906 8846,75885 99896 3354,53306 88282 4497,97839 99971 3211,50502 59463 6286,8833 64456 5354,93001 98894 5045,98024 98542 4153,25065 92961 5758,46676 96420 4330,170 71786 6436,76313 86733 5985,28074 59931 2468,97374 97656 924
40
58237 99392 6603,1844 13190 6988,54352 93795 3904,78407 99499 3885,90976 98826 9380,11852 30525 5905,44605 54312 7990,76896 89179 5921,11437 74519 3506,78591 99664 1390,88018 88684 1822,47536 67969 3334,28502 99832 4049,80298 95929 5709,20935 53126 5613,54343 54604 7192,94678 98361 7500,12694 76764 9775,32104 85655 7969,27730 37002 3583,68796 74534 4796,5026 81802 4259,3375 24439 5937,45930 69908 2489,19045 43433 8564,25020 57301 7335,29044 78115 5199,59127 60005 8998,75002 99283 315,5924 73109 8389,25269 37474 9619,69972 94375 1793,76472 93201 7371,54713 85450 8483,59843 60339 8896,52283 72009 7092,90464 93772 6842,35776 36827 5815,85820 91713 1030,17120 69772 310
152
16797 57601 6903,42752 87253 5012,51687 65018 2228,6837 33511 6542,11685 47105 3541,73529 74880 7016,85765 94245 6743,82945 95766 1895,61447 94210 4610,3709 24658 2796,19571 29733 2264,3203 28917 4752,20386 22881 454,4364 72805 2184,60196 68083 312,20246 50265 7272,37658 45572 7247,49061 78499 4099,57368 63368 2710,89932 99219 9983,72126 89934 4269,8724 72455 8760,85133 93133 7765,16876 77872 521,90123 94521 2219,88940 89463 6512,66510 96241 3228,18867 36462 3504,93047 97841 3941,25088 98486 7944,27148 34075 2648,51750 87719 9514,77254 87763 924,61727 94847 6239,86754 95015 7933,77137 78176 7946,43661 67352 1809,38063 97051 2383,29200 54646 3035,30354 37857 3605,48809 50274 3006,81128 93453 7024,33707 55277 1756,55539 82863 558,22791 97404 6271,72450 80772 9295,407 30770 6629,18638 51237 8789,72545 85946 3814,2525 90810 2981,63797 71048 5808,87283 88655 9674,41447 45262 8184,60317 78277 3805,57289 81322 716,79102 98265 5206,7944 59390 1717,22308 22859 8547,70988 76299 9061,27035 31611 3277,77174 86757 8908,7247 11896 6964,33285 95504 5521,91516 97909 7090,50071 50296 4489,48834 67647 1321,44542 54673 6134,65166 69510 1005,44418 46563 435,8928 28923 5458,98326 98525 2005,65682 98577 7809,91591 96119 6417,8698 58361 6018,42112 47355 3507,97131 97414 3481,41467 48991 531,94273 97553 2494,55278 92117 7687,78665 95258 5077,76011 91901 325,76986 87189 280,57472 91990 8949,92914 96191 5331,59503 74357 8307,96224 96977 1854,5033 61712 6519,93920 95695 3991,40186 63440 1190,45176 98400 5599,87184 97825 1477,36433 85046 758,64316 86555 8176,76423 79257 9613,97070 97240 1375,44727 99393 7983,69130 70526 531,65372 90393 9078,25486 30872 1657,29862 69842 3029,86233 92558 2596,54916 97082 508,7253 44279 225,89358 90043 318,11188 65444 3247,34522 72605 4280,41711 46136 4523,82760 97818 1763,78795 99524 6547,21066 71886 8457,9688 35986 9528,70408 84930 1250,26617 47485 1091,7317 37147 1913,19526 78410 9960,30947 41338 4367,31744 89327 9167,26845 90510 3212,34422 72778 904,35702 45515 8462,67609 75089 9450,51424 79354 3580,62292 66242 7813,55047 75772 493,48854 77475 479,88678 99709 7645,27788 59873 9651,3196 59972 887,12819 74712 6621,83726 96201 4346,93837 94452 7566,93613 95367 894,26163 48896 3631,49007 88590 2657,57182 91320 6150,77308 80053 8554,4439 7380 7253,51256 93956 2359,8948 98332 4862,70762 98106 4529,91150 99499 5586,73751 96815 9201,27089 44634 3709,49090 72457 3555,60859 62286 4141,45482 52407 6276,52869 53451 9693,83240 98913 298,88393 99490 1689,86835 97546 9411,98129 99602 8919,37664 99737 9758
126
6443 53699 6362,96219 97626 3411,71642 81715 1684,41251 54561 2228,48007 58653 6796,49679 56387 2595,9023 36849 5536,41502 49595 3715,58400 74020 5563,90927 96852 9983,53700 78503 8708,54395 98843 9228,67152 67604 6476,71927 83846 6171,3358 57558 391,35636 55377 8299,95881 98744 2063,19298 27555 2820,89327 98342 2412,74803 90205 8139,3057 66893 9558,65616 79585 8106,82233 88331 3427,19730 71966 1878,3450 15558 4130,19876 52259 1686,90185 93578 4671,86871 90416 8318,49178 67170 4400,62388 65456 3324,96248 96878 2732,24234 34383 4288,50012 84726 7002,14343 82797 7193,27344 59204 9531,75600 91876 7817,35663 84429 7122,56588 68314 2731,76519 88136 7794,86238 86698 3384,22288 81559 542,55854 58700 2685,14658 79842 1901,91230 94917 9490,39265 48753 9767,99735 99833 9710,26289 98575 8991,37737 47362 3761,526 75268 2295,44165 88431 4518,87012 95294 3649,12209 37548 1630,67336 94678 2976,38952 64496 1181,67367 74431 1404,72509 79474 1457,46374 48985 4819,18120 21841 8694,99635 99816 1565,23314 97367 1705,98314 98647 3315,22387 74624 2403,80089 91241 8692,20922 54558 4464,97846 99490 8660,61025 88409 4252,99618 99648 4207,50702 66411 4218,86142 91280 7859,19688 29758 7196,451 91845 5269,86938 93159 1345,91292 93393 4830,79475 81245 6360,45838 63798 7108,20704 36992 6279,61022 77751 1162,30559 78010 7760,63114 84591 7542,26639 65763 2762,55297 78475 3160,41163 81094 4539,78450 84347 8334,34152 51160 6915,83941 90962 2211,79465 98959 778,3919 49664 7423,72555 83823 3216,46437 52878 5396,82233 82453 3937,64108 73872 8906,73035 80345 8693,37380 94676 1504,19518 83958 8978,60614 77050 3890,33098 65830 2813,21799 90752 4406,19716 24015 95,68104 84054 5046,81280 82699 2702,59640 79665 849,93595 95012 9831,35449 51657 809,21391 31218 1346,68210 90607 3362,29592 75736 127,29588 66787 1769,86463 87083 445,55190 92139 1020,25739 31768 5571,8309 96385 1784,92807 98877 9517,33071 61008 1258,76036 97700 5750,41042 58191 9800,54235 82263 8708,38472 99007 4868,40882 89263 1215,14071 23416 5262,95484 99270 4587,26735 38462 3654,2387 44554 6083,58178 96028 298,92268 95605 5943,93589 93602 6021,35945 49720 9756
