9
6 7
1859 739  0    1101 1569 312  635 
1069 1789 164  678  568  1282 1633
1399 1780 56   0    183  234  1835
0    0    973  1155 1157 0    490 
1750 1523 1714 388  670  0    1256
1926 1342 1342 1397 689  0    965 
3 5
1865 201  1164 1265 248 
164  1933 971  1030 166 
1828 1624 1654 1136 1693
2 2
1234 0   
0    1999
10 10
973  739  339  1187 0    56   734  369  468  213 
1356 853  1345 0    1043 1688 1625 925  1792 1698
1772 188  688  860  0    841  706  208  1332 1861
1460 1186 1221 220  469  1843 1375 1005 1677 1301
401  1433 437  839  182  462  85   431  309  50  
1015 164  1114 227  1811 962  1764 1376 498  190 
1786 1264 1968 611  239  1635 539  1821 475  1151
1648 94   1362 163  1388 674  396  1067 618  440 
743  420  1807 893  182  1209 896  1756 1901 1308
1537 1961 1153 196  329  1007 1401 734  1392 737 
10 10
858  1570 1540 1414 1966 250  1353 418  651  1912
1691 0    0    0    0    0    0    0    0    931 
487  0    1569 250  249  249  0    1665 0    1245
1153 0    1178 176  1686 660  183  250  0    250 
1284 0    777  233  1175 1867 134  824  0    301 
1128 0    250  237  250  1644 156  1278 0    805 
1542 0    1195 167  1491 1865 249  833  0    1814
561  0    1141 0    249  249  0    1666 0    318 
1423 0    0    0    0    0    0    0    0    801 
822  1766 1264 250  1288 1837 1263 1440 654  418 
10 10
1408 1042 1962 1444 1249 458  1137 685  1918 702 
287  439  1112 906  1818 1161 979  615  365  447 
1297 325  1905 1800 804  1291 1110 547  250  923 
1308 844  1106 1148 295  1286 1793 788  888  1043
1428 1091 791  268  1899 966  1901 546  263  1518
1769 1736 1319 1277 606  554  350  251  411  1928
1986 1531 1441 1545 646  637  1038 1675 317  838 
275  1077 1598 622  844  316  1950 1537 531  256 
487  543  1597 327  1137 1807 253  1197 1327 1972
1770 1690 822  1068 379  250  1027 1032 1803 801 
15 15
47   1375 382  23   1719 1051 1534 783  159  654  13   737  516  156  1051
1913 851  1760 100  1880 1527 278  1295 1793 1581 1022 1937 219  1934 477 
555  1882 1102 1063 644  1359 1127 261  486  1398 500  217  1939 1917 743 
469  1919 791  1408 1457 1153 1847 224  47   889  1370 394  583  353  1506
33   1223 712  764  608  976  1851 1516 1528 1347 1347 1197 1297 178  1037
302  739  1468 199  504  327  386  1488 754  1594 860  159  1964 910  133 
762  1651 229  1767 445  671  1875 351  123  664  1005 1445 1076 1121 1   
912  1702 1821 524  33   1468 1293 967  859  1056 1234 1985 642  229  65  
762  2000 219  1004 184  128  1006 984  1698 1822 1529 971  1037 1213 377 
1095 236  1641 1164 1395 54   829  1595 1277 948  171  1319 1870 954  1544
384  4    96   801  1478 725  1778 253  775  320  1672 1682 1878 830  557 
1871 941  348  1013 1081 835  172  1931 162  730  1486 1981 25   730  1028
586  1164 1445 1576 1343 744  1769 644  1493 794  1336 620  4    1559 1430
39   396  818  1824 629  1085 1460 1612 279  1425 569  733  1863 1322 1517
465  1604 953  100  325  681  970  718  1212 316  835  356  5    963  1774
10 9
1905 801  0    0    1414 0    0    735  649 
1046 1004 0    1132 0    1220 0    297  395 
0    0    1209 0    1488 0    537  0    1499
335  1233 0    698  1488 738  0    0    388 
812  0    1488 1441 1441 1727 529  0    1638
398  0    0    1732 1390 703  0    462  0   
908  1336 691  0    365  0    161  807  0   
0    0    1997 1509 0    1468 1656 791  0   
1686 1507 0    1234 1505 0    0    1480 756 
456  1382 0    208  248  920  0    1834 1495
7 5
1664 0    1525 0    1140
0    1691 0    1071 0   
1864 0    0    0    1841
0    0    2000 0    0   
1015 0    0    0    1312
0    1999 0    2000 0   
565  1015 0    1259 723 
