100
16 1165314553
-928 37
-870 208
-713 380
-308 732
-165 757
146 776
666 611
823 250
888 -212
670 -752
526 -1000
480 -995
-127 -843
-637 -564
-871 -431
-1000 -185
7 1110164677
-612 297
-233 372
639 431
655 -115
-531 -902
-852 -1000
-1000 -206
20 1765394862
-978 -70
-945 112
-941 129
-788 321
-732 382
-617 489
110 820
702 798
781 694
938 -2
974 -212
974 -310
947 -602
850 -783
439 -957
183 -1000
-373 -920
-673 -848
-999 -635
-1000 -472
3 1587043411
-1000 383
559 -1000
-447 -572
9 1181658420
109 398
222 523
470 689
692 323
661 263
511 17
-540 -1000
-1000 -915
-538 -349
8 1709781062
-1000 623
203 937
313 885
707 77
676 -157
441 -1000
-447 -392
-885 1
12 282395805
-987 215
-941 277
-769 492
-688 528
-12 804
727 857
834 482
732 -1000
624 -982
244 -889
-309 -730
-1000 -95
20 259509834
-993 62
-1000 89
-743 583
-461 743
-197 818
-36 809
276 769
543 725
643 519
683 343
740 65
810 -557
810 -652
765 -850
737 -951
429 -1000
-41 -972
-490 -877
-594 -818
-882 -189
10 1336545947
-1000 232
-687 575
-247 542
97 318
709 -162
299 -653
114 -759
-175 -892
-718 -1000
-985 -408
18 1051580077
-927 -84
-1000 75
-950 176
-704 372
-594 428
4 584
564 597
760 528
893 -562
785 -816
697 -1000
545 -966
57 -842
-258 -713
-383 -659
-520 -591
-625 -527
-740 -394
3 1233999748
-1000 641
595 186
505 -1000
9 2131908592
-848 -148
-1000 415
-630 385
-199 165
598 -513
762 -1000
415 -989
-524 -692
-660 -472
7 1522920000
-328 -265
156 -198
709 -204
863 -444
613 -687
210 -1000
-1000 -810
16 1879836341
-969 236
-848 617
-706 774
-375 928
-327 924
-260 908
75 706
344 535
550 387
715 -443
775 -877
661 -980
254 -1000
-621 -912
-977 -733
-1000 -25
11 1698323473
-898 44
-736 367
-218 472
231 485
289 437
275 238
210 38
-151 -716
-337 -948
-402 -1000
-1000 -340
5 1471428686
-1000 888
610 625
588 379
323 -405
-440 -1000
10 984187516
-1000 -362
-692 58
-181 343
283 315
379 -18
321 -346
-116 -961
-242 -982
-610 -1000
-936 -925
4 2093366030
-19 660
452 261
-95 -1000
-1000 -625
13 427064241
-545 632
-440 739
33 850
742 535
837 419
877 300
901 110
902 -281
622 -715
231 -1000
-73 -900
-835 -622
-1000 -448
19 716162076
-943 -181
-742 125
-444 520
-424 528
145 445
247 415
750 264
822 162
832 123
948 -344
974 -489
849 -571
683 -672
229 -896
-254 -1000
-417 -1000
-791 -921
-940 -882
-1000 -474
20 160062450
-1000 50
-977 230
-808 445
-385 745
-249 827
-33 811
360 766
499 703
557 647
809 228
861 111
864 -401
847 -469
587 -832
440 -1000
-212 -981
-616 -938
-808 -887
-893 -768
-971 -250
13 1800921715
-718 204
-586 397
214 513
789 591
822 586
737 324
-106 -1000
-379 -998
-555 -932
-796 -812
-1000 -639
-993 -604
-945 -376
9 124819111
-958 -341
-736 245
-328 166
381 -232
245 -444
44 -701
-287 -931
-519 -1000
-1000 -463
8 677006690
-980 -7
-968 350
-628 499
657 305
424 -504
259 -773
-462 -1000
-1000 -905
7 694399448
-1000 728
-759 826
-557 852
25 873
172 764
619 182
826 -1000
17 357688782
-941 227
-854 504
-751 614
-653 672
72 938
272 924
415 864
766 593
684 14
652 -149
389 -647
-136 -881
-407 -1000
-615 -955
-904 -818
-992 -458
-1000 -151
16 918243087
-972 107
-902 443
-584 688
-524 725
-441 771
259 846
705 890
896 849
938 475
672 43
130 -460
-460 -1000
-617 -981
-794 -892
-955 -717
-1000 -540
8 1135457632
-680 781
-229 891
684 481
511 -330
-207 -937
-494 -995
-1000 -1000
-930 -376
11 2000095607
-833 -15
-961 189
-1000 321
-808 485
-411 627
2 520
575 156
730 -124
848 -1000
307 -847
-224 -495
14 891860257
-893 498
-334 821
-34 774
340 552
748 254
837 -114
912 -492
966 -858
820 -954
565 -972
314 -983
-881 -1000
-981 -573
-1000 -286
4 470529962
-891 412
372 158
-116 -771
-1000 -1000
19 1982021760
-926 243
-889 293
-861 330
-640 577
-404 706
11 924
163 944
321 907
830 595
909 515
890 94
865 -52
804 -337
515 -584
102 -822
-57 -899
-875 -1000
-994 -96
-1000 -26
9 1176943319
-850 -60
-427 549
14 702
423 321
351 -290
243 -787
-108 -1000
-384 -864
-1000 -412
18 1760773342
-907 155
-872 216
-752 312
-234 630
-67 691
516 798
778 693
962 466
874 58
826 -97
773 -239
756 -269
709 -350
406 -534
-473 -1000
-852 -614
-895 -552
-1000 -198
16 1712736468
-910 12
-852 152
-548 729
-328 907
157 912
596 692
630 634
656 184
661 -24
626 -503
241 -904
-84 -1000
-232 -942
-791 -702
-829 -659
-1000 -314
9 284687085
-1000 299
365 418
453 307
958 -449
941 -492
779 -622
301 -990
-487 -1000
-942 -933
8 1718600355
-689 260
74 648
-6 -526
-279 -883
-425 -997
-469 -1000
-703 -931
-1000 -820
17 62987635
-822 506
-781 562
-687 645
-176 810
375 942
542 892
660 796
852 248
916 24
964 -739
963 -908
-116 -1000
-502 -818
-836 -571
-894 -521
-1000 -355
-937 -8
10 1254497049
-986 -145
-1000 625
-649 570
-343 305
287 -747
-103 -965
-220 -986
-749 -1000
-880 -740
-906 -643
6 1495142024
-1000 749
-252 532
152 -256
-224 -1000
-335 -956
-739 -480
17 1845061979
-612 245
-594 297
-529 448
-523 459
-203 712
97 780
166 766
319 689
420 554
607 -165
589 -382
209 -753
-259 -892
-659 -981
-926 -1000
-941 -987
-1000 -885
19 714170468
-656 334
-476 684
-116 843
-72 857
7 857
200 783
249 754
492 515
830 101
864 -5
886 -573
485 -821
259 -874
-72 -909
-993 -1000
-1000 -946
-999 -813
-934 -310
-855 -80
18 2016164894
-829 176
-693 360
-440 640
179 795
293 819
721 881
768 847
862 755
957 436
976 -524
641 -985
436 -1000
-499 -995
-756 -864
-978 -659
-1000 -437
-988 -382
-950 -211
18 983494799
-990 14
-884 311
-851 391
-241 967
-69 989
171 937
471 839
747 588
796 226
846 -222
760 -529
634 -645
589 -686
486 -748
-58 -908
-463 -989
-536 -1000
-1000 -135
4 1958163995
-965 494
-300 923
-542 -87
-1000 -1000
8 1400218750
-799 29
-877 288
-1000 751
-822 713
-271 337
619 -535
798 -743
282 -1000
16 1533334486
-1000 136
-996 172
-841 438
-334 679
-170 614
646 166
724 -182
718 -217
498 -831
392 -1000
251 -996
-203 -920
-605 -821
-802 -663
-925 -560
-961 -451
14 313039359
-953 163
-847 777
-607 934
-363 984
25 942
389 791
385 488
284 -406
170 -847
49 -1000
-279 -946
-823 -715
-1000 -354
-975 -76
20 229067354
-915 -50
-746 433
-619 538
-583 567
-338 665
-159 732
88 818
275 755
696 318
786 -25
806 -121
807 -303
787 -594
438 -730
301 -776
-492 -996
-611 -1000
-785 -966
-1000 -916
-983 -440
10 509904757
-932 529
-779 755
-395 917
625 804
786 520
820 -369
788 -467
96 -722
-876 -1000
-1000 -970
18 842095996
-995 23
-989 161
-623 634
-395 738
384 622
599 506
762 402
805 339
947 129
953 -293
740 -505
351 -777
177 -863
-205 -1000
-523 -843
-786 -688
-856 -621
-1000 -180
17 2124891816
-1000 -198
-937 -99
-780 87
-360 511
-281 534
-53 490
545 362
617 345
733 308
675 -43
394 -636
177 -952
-100 -1000
-393 -946
-492 -919
-859 -668
-888 -642
10 1128495433
-1000 -84
-988 35
-880 152
-786 221
-343 339
-159 340
267 -170
515 -656
606 -1000
-898 -994
5 81670725
-738 201
-719 198
528 -202
383 -1000
-1000 -722
8 90364144
-584 778
8 894
726 418
552 -528
-281 -1000
-501 -933
-722 -835
-1000 -220
16 160038826
-977 -82
-1000 15
-996 78
-787 257
-675 333
-141 477
353 592
715 646
887 444
839 2
687 -656
290 -937
11 -1000
-190 -973
-803 -422
-838 -388
15 1692706076
-847 -266
-595 165
-440 316
-128 296
489 148
629 89
896 -70
886 -479
645 -639
-48 -976
-298 -1000
-596 -959
-781 -859
-931 -720
-1000 -589
11 6944102
-1000 -63
-457 215
-287 287
423 -43
576 -634
571 -714
506 -897
391 -1000
-316 -934
-731 -646
-759 -596
16 2109568794
-825 38
-850 132
-1000 876
-732 929
324 823
513 781
659 525
743 349
907 -312
914 -355
913 -513
538 -960
348 -1000
13 -949
-58 -890
-257 -698
5 658119582
486 757
528 770
941 316
-1000 -1000
-806 -747
13 2146526993
-978 288
-967 321
-765 581
-388 920
-150 909
209 822
413 757
672 393
464 124
6 -336
-675 -1000
-978 -548
-1000 -225
20 450151525
-991 119
-1000 296
-980 507
-898 560
-601 589
-392 580
-288 574
-209 557
33 489
343 359
414 272
505 -94
444 -469
391 -684
187 -852
-44 -975
-263 -1000
-694 -729
-828 -605
-888 -401
3 783663294
-59 513
-72 -1000
-1000 -419
11 365470060
-932 -4
-70 836
264 813
643 622
900 2
643 -569
460 -841
-238 -1000
-473 -832
-795 -529
-1000 -328
12 345164963
-952 108
-453 831
-140 842
240 815
600 783
714 436
766 45
682 -548
396 -761
207 -832
-904 -1000
-1000 -939
17 1291407590
-975 157
-1000 383
-793 453
18 500
230 417
671 33
782 -161
835 -261
801 -423
377 -868
290 -895
-224 -1000
-561 -991
-666 -916
-715 -861
-854 -657
-879 -605
13 1866842492
-1000 198
-983 351
562 121
775 -83
746 -361
727 -411
511 -782
356 -892
-112 -1000
-166 -989
-897 -682
-940 -641
-961 -506
15 592103881
-810 105
-720 327
-561 505
-163 646
459 768
804 803
805 -418
771 -732
733 -791
576 -1000
212 -996
-395 -980
-691 -698
-722 -668
-1000 -369
17 491552723
-1000 -242
-690 344
-411 771
634 829
638 785
652 402
642 -45
623 -370
584 -660
484 -893
430 -958
104 -1000
89 -999
-458 -931
-600 -898
-869 -754
-924 -708
8 1828047457
-765 19
-76 899
163 720
155 304
137 -544
48 -1000
-735 -726
-1000 -362
11 282872555
25 562
404 664
715 631
774 290
644 -161
573 -383
465 -590
-187 -1000
-539 -790
-803 -446
-1000 -164
20 1618643072
-933 -75
-716 627
-519 724
-257 829
-7 892
530 814
705 696
761 502
804 337
851 -189
846 -341
820 -644
755 -889
401 -945
49 -1000
-56 -999
-575 -923
-828 -837
-985 -666
-1000 -403
9 310448961
-1000 -100
-796 325
-344 528
263 520
638 -36
746 -710
76 -1000
-487 -620
-914 -240
11 1921204799
-1000 -325
-846 224
-711 516
602 362
680 196
466 -104
-249 -877
-584 -986
-631 -993
-882 -1000
-903 -927
13 1943037140
-1000 -278
-816 -2
-230 360
-7 347
395 121
710 -93
731 -182
309 -944
8 -1000
-78 -971
-613 -643
-656 -613
-948 -405
17 274599318
-1000 295
-914 470
-666 705
-96 812
292 878
344 868
473 654
569 459
780 -88
813 -201
701 -429
565 -703
226 -901
15 -1000
-623 -823
-894 -504
-954 -187
16 183481709
-1000 171
-849 380
-670 482
-57 797
523 631
868 286
950 108
688 -236
402 -585
219 -803
41 -880
-67 -915
-248 -971
-349 -1000
-549 -971
-962 -289
13 610843601
-1000 -33
-804 143
-333 268
76 287
300 218
707 -29
718 -57
580 -374
220 -969
-519 -1000
-654 -839
-822 -568
-867 -444
12 563930315
-924 -70
-156 350
96 455
776 623
917 325
898 100
830 -628
750 -820
-28 -1000
-566 -916
-941 -789
-1000 -763
3 439036116
-1000 -370
-850 96
-697 -1000
9 866240819
-946 -206
-726 104
-384 519
590 450
683 -3
387 -715
249 -749
-797 -1000
-1000 -714
16 910061715
-1000 203
-884 310
-576 588
-124 872
-42 916
601 587
707 464
721 430
712 70
634 -335
494 -586
-46 -829
-457 -998
-484 -1000
-973 -930
-988 -310
16 860924626
-1000 -262
-999 -209
-898 -102
-791 -6
-58 91
15 88
415 9
530 -82
719 -293
816 -437
803 -613
301 -953
97 -1000
-166 -931
-545 -824
-783 -663
15 1526294484
-856 -269
-973 18
-1000 153
-945 243
-597 545
635 662
848 62
691 -681
542 -872
353 -1000
281 -992
-229 -919
-459 -699
-647 -518
-834 -313
19 1145198365
-997 -217
-1000 151
-999 497
36 448
228 434
368 347
421 310
591 181
816 -194
845 -412
822 -543
787 -671
651 -929
586 -985
-43 -1000
-342 -969
-469 -927
-691 -828
-954 -655
10 85736132
93 526
369 717
787 830
889 373
921 157
984 -340
836 -395
-1000 -1000
-918 -338
-665 -6
16 937033344
-953 153
-997 438
-1000 798
-672 837
-265 739
353 581
730 444
771 413
947 236
882 -113
703 -404
317 -873
174 -963
-1 -993
-282 -1000
-731 -811
6 143128708
-1000 879
-676 868
44 626
239 304
337 -80
-326 -1000
14 1923641451
-1000 9
-557 397
-455 485
-301 539
-53 561
629 614
767 500
844 291
687 -192
609 -393
-98 -1000
-488 -939
-728 -854
-943 -507
14 818599874
-650 362
-264 667
-121 744
198 713
353 597
363 571
392 -87
395 -305
372 -565
-638 -1000
-996 -987
-1000 -875
-983 -649
-916 -141
6 1563818010
-924 -296
-146 240
-66 238
747 -515
473 -1000
-1000 -913
12 2121165825
-676 548
98 689
506 690
624 685
742 463
760 -207
465 -840
-130 -1000
-368 -947
-645 -859
-1000 -671
-964 -519
9 1533275366
-1000 -57
-878 261
-468 27
19 -393
329 -691
531 -936
389 -1000
-524 -679
-559 -641
9 238163533
-885 292
-392 646
-61 627
305 570
322 540
485 -310
-535 -1000
-996 -891
-1000 -147
8 577543719
-1000 -412
351 207
405 140
312 -867
145 -908
-329 -1000
-445 -989
-748 -718
7 1488926853
-930 -196
-1000 588
-172 11
447 -460
428 -564
41 -1000
-586 -482
10 2115942890
-997 -195
-913 -65
-689 196
-567 310
324 -112
638 -303
710 -428
-664 -1000
-967 -984
-1000 -922
7 238049118
-986 423
-645 497
-72 233
10 194
218 -1000
-988 -942
-1000 -572
19 302713238
-936 -145
-537 443
-391 592
74 725
361 779
850 781
821 475
756 110
712 -99
394 -524
188 -781
20 -924
-376 -1000
-627 -955
-700 -921
-901 -688
-938 -633
-999 -392
-1000 -309
9 580841297
-769 -4
-285 473
493 870
548 -588
529 -792
-154 -1000
-604 -912
-1000 -821
-989 -686
